0.00  0.00 
0.00  0.00 
0.00  0.00 
0.00  0.00 
0.00  0.00 
0.00  0.00 
0.00  0.00 
0.00  0.00 
0.00  0.00 
0.00  0.00 
0.00  0.00 
0.00  0.00 
0.00  0.00 
0.00  0.00 
0.00  0.00 
0.00  0.00 
0.00  0.00 
0.00  0.00 
0.00  0.00 
0.00  0.00 
0.00  0.00 
0.00  0.00 
0.00  0.00 
0.00  0.00 
0.00  0.00 
0.00  0.00 
0.00  0.00 
0.00  0.00 
0.00  0.00 
0.00  0.00 
0.00  0.00 
0.00  0.00 
0.00  0.00 
0.00  0.00 
0.00  0.00 
0.00  0.00 
0.00  0.00 
0.00  0.00 
0.00  0.00 
0.00  180.00 
0.00  180.00 
0.00  180.00 
0.00  180.00 
0.00  180.00 
0.00  180.00 
0.00  180.00 
0.00  180.00 
0.00  180.00 
0.00  180.00 
0.00  180.00 
0.00  180.00 
0.00  180.00 
0.00  180.00 
0.00  180.00 
0.00  180.00 
0.00  180.00 
0.00  180.00 
0.00  180.00 
0.00  180.00 
0.00  180.00 
0.00  180.00 
0.00  180.00 
0.00  180.00 
0.00  180.00 
0.00  180.00 
0.00  180.00 
0.00  180.00 
0.00  180.00 
0.00  180.00 
0.00  180.00 
0.00  180.00 
0.00  180.00 
0.00  180.00 
0.00  180.00 
0.00  180.00 
0.00  180.00 
0.00  180.00 
0.00  180.00 
0.00  180.00 
0.00  360.00 
0.00  360.00 
0.00  360.00 
0.00  360.00 
0.00  360.00 
0.00  360.00 
0.00  360.00 
0.00  360.00 
0.00  360.00 
0.00  360.00 
0.00  360.00 
0.00  360.00 
0.00  360.00 
0.00  360.00 
0.00  360.00 
0.00  360.00 
0.00  360.00 
0.00  360.00 
0.00  360.00 
0.00  360.00 
0.00  360.00 
0.00  360.00 
0.00  360.00 
0.00  360.00 
0.00  360.00 
0.00  360.00 
0.00  360.00 
0.00  360.00 
0.00  360.00 
0.00  360.00 
0.00  360.00 
0.00  360.00 
0.00  360.00 
0.00  360.00 
0.00  360.00 
0.00  360.00 
0.00  360.00 
0.00  360.00 
0.00  360.00 
0.00  360.00 
0.00  540.00 
0.00  540.00 
0.00  540.00 
0.00  540.00 
0.00  540.00 
0.00  540.00 
0.00  540.00 
0.00  540.00 
0.00  540.00 
0.00  540.00 
0.00  540.00 
0.00  540.00 
0.00  540.00 
0.00  540.00 
0.00  540.00 
0.00  540.00 
0.00  540.00 
0.00  540.00 
0.00  540.00 
0.00  540.00 
0.00  540.00 
0.00  540.00 
0.00  540.00 
0.00  540.00 
0.00  540.00 
0.00  540.00 
0.00  540.00 
0.00  540.00 
0.00  540.00 
0.00  540.00 
0.00  540.00 
0.00  540.00 
0.00  540.00 
0.00  540.00 
0.00  540.00 
0.00  540.00 
0.00  540.00 
0.00  540.00 
0.00  540.00 
0.00  540.00 
0.00  720.00 
0.00  720.00 
0.00  720.00 
0.00  720.00 
0.00  720.00 
0.00  720.00 
0.00  720.00 
0.00  720.00 
0.00  720.00 
0.00  720.00 
0.00  720.00 
0.00  720.00 
0.00  720.00 
0.00  720.00 
0.00  720.00 
0.00  720.00 
0.00  720.00 
0.00  720.00 
0.00  720.00 
0.00  720.00 
0.00  720.00 
0.00  720.00 
0.00  720.00 
0.00  720.00 
0.00  720.00 
0.00  720.00 
0.00  720.00 
0.00  720.00 
0.00  720.00 
0.00  720.00 
0.00  720.00 
0.00  720.00 
0.00  720.00 
0.00  720.00 
0.00  720.00 
0.00  720.00 
0.00  720.00 
0.00  720.00 
0.00  720.00 
0.00  720.00 
0.00  900.00 
0.00  900.00 
0.00  900.00 
0.00  900.00 
0.00  900.00 
0.00  900.00 
0.00  900.00 
0.00  900.00 
0.00  900.00 
0.00  900.00 
0.00  900.00 
0.00  900.00 
0.00  900.00 
0.00  900.00 
0.00  900.00 
0.00  900.00 
0.00  900.00 
0.00  900.00 
0.00  900.00 
0.00  900.00 
0.00  900.00 
0.00  900.00 
0.00  900.00 
0.00  900.00 
0.00  900.00 
0.00  900.00 
0.00  900.00 
0.00  900.00 
0.00  900.00 
0.00  900.00 
0.00  900.00 
0.00  900.00 
0.00  900.00 
0.00  900.00 
0.00  900.00 
0.00  900.00 
0.00  900.00 
0.00  900.00 
0.00  900.00 
0.00  900.00 
0.00  1080.00 
0.00  1080.00 
0.00  1080.00 
0.00  1080.00 
0.00  1080.00 
0.00  1080.00 
0.00  1080.00 
0.00  1080.00 
0.00  1080.00 
0.00  1080.00 
0.00  1080.00 
0.00  1080.00 
0.00  1080.00 
0.00  1080.00 
0.00  1080.00 
0.00  1080.00 
0.00  1080.00 
0.00  1080.00 
0.00  1080.00 
0.00  1080.00 
0.00  1080.00 
0.00  1080.00 
0.00  1080.00 
0.00  1080.00 
0.00  1080.00 
0.00  1080.00 
0.00  1080.00 
0.00  1080.00 
0.00  1080.00 
0.00  1080.00 
0.00  1080.00 
0.00  1080.00 
0.00  1080.00 
0.00  1080.00 
0.00  1080.00 
0.00  1080.00 
0.00  1080.00 
0.00  1080.00 
0.00  1080.00 
0.00  1080.00 
288.00  0.00 
288.00  0.00 
288.00  0.00 
288.00  0.00 
288.00  0.00 
288.00  0.00 
288.00  0.00 
288.00  0.00 
288.00  0.00 
288.00  0.00 
288.00  0.00 
288.00  0.00 
288.00  0.00 
288.00  0.00 
288.00  0.00 
288.00  0.00 
288.00  0.00 
288.00  0.00 
288.00  0.00 
288.00  0.00 
288.00  0.00 
288.00  0.00 
288.00  0.00 
288.00  0.00 
288.00  0.00 
288.00  0.00 
288.00  0.00 
288.00  0.00 
288.00  0.00 
288.00  0.00 
288.00  0.00 
288.00  0.00 
288.00  0.00 
288.00  0.00 
288.00  0.00 
288.00  0.00 
288.00  0.00 
288.00  0.00 
288.00  0.00 
288.00  0.00 
288.00  180.00 
288.00  180.00 
288.00  180.00 
288.00  180.00 
288.00  180.00 
288.00  180.00 
288.00  180.00 
288.00  180.00 
288.00  180.00 
288.00  180.00 
288.00  180.00 
288.00  180.00 
288.00  180.00 
288.00  180.00 
288.00  180.00 
288.00  180.00 
288.00  180.00 
288.00  180.00 
288.00  180.00 
288.00  180.00 
288.00  180.00 
288.00  180.00 
288.00  180.00 
288.00  180.00 
288.00  180.00 
288.00  180.00 
288.00  180.00 
288.00  180.00 
288.00  180.00 
288.00  180.00 
288.00  180.00 
288.00  180.00 
288.00  180.00 
288.00  180.00 
288.00  180.00 
288.00  180.00 
288.00  180.00 
288.00  180.00 
288.00  180.00 
288.00  180.00 
288.00  360.00 
288.00  360.00 
288.00  360.00 
288.00  360.00 
288.00  360.00 
288.00  360.00 
288.00  360.00 
288.00  360.00 
288.00  360.00 
288.00  360.00 
288.00  360.00 
288.00  360.00 
288.00  360.00 
288.00  360.00 
288.00  360.00 
288.00  360.00 
288.00  360.00 
288.00  360.00 
288.00  360.00 
288.00  360.00 
288.00  360.00 
288.00  360.00 
288.00  360.00 
288.00  360.00 
288.00  360.00 
288.00  360.00 
288.00  360.00 
288.00  360.00 
288.00  360.00 
288.00  360.00 
288.00  360.00 
288.00  360.00 
288.00  360.00 
288.00  360.00 
288.00  360.00 
288.00  360.00 
288.00  360.00 
288.00  360.00 
288.00  360.00 
288.00  360.00 
288.00  540.00 
288.00  540.00 
288.00  540.00 
288.00  540.00 
288.00  540.00 
288.00  540.00 
288.00  540.00 
288.00  540.00 
288.00  540.00 
288.00  540.00 
288.00  540.00 
288.00  540.00 
288.00  540.00 
288.00  540.00 
288.00  540.00 
288.00  540.00 
288.00  540.00 
288.00  540.00 
288.00  540.00 
288.00  540.00 
288.00  540.00 
288.00  540.00 
288.00  540.00 
288.00  540.00 
288.00  540.00 
288.00  540.00 
288.00  540.00 
288.00  540.00 
288.00  540.00 
288.00  540.00 
288.00  540.00 
288.00  540.00 
288.00  540.00 
288.00  540.00 
288.00  540.00 
288.00  540.00 
288.00  540.00 
288.00  540.00 
288.00  540.00 
288.00  540.00 
288.00  720.00 
288.00  720.00 
288.00  720.00 
288.00  720.00 
288.00  720.00 
288.00  720.00 
288.00  720.00 
288.00  720.00 
288.00  720.00 
288.00  720.00 
288.00  720.00 
288.00  720.00 
288.00  720.00 
288.00  720.00 
288.00  720.00 
288.00  720.00 
288.00  720.00 
288.00  720.00 
288.00  720.00 
288.00  720.00 
288.00  720.00 
288.00  720.00 
288.00  720.00 
288.00  720.00 
288.00  720.00 
288.00  720.00 
288.00  720.00 
288.00  720.00 
288.00  720.00 
288.00  720.00 
288.00  720.00 
288.00  720.00 
288.00  720.00 
288.00  720.00 
288.00  720.00 
288.00  720.00 
288.00  720.00 
288.00  720.00 
288.00  720.00 
288.00  720.00 
288.00  900.00 
288.00  900.00 
288.00  900.00 
288.00  900.00 
288.00  900.00 
288.00  900.00 
288.00  900.00 
288.00  900.00 
288.00  900.00 
288.00  900.00 
288.00  900.00 
288.00  900.00 
288.00  900.00 
288.00  900.00 
288.00  900.00 
288.00  900.00 
288.00  900.00 
288.00  900.00 
288.00  900.00 
288.00  900.00 
288.00  900.00 
288.00  900.00 
288.00  900.00 
288.00  900.00 
288.00  900.00 
288.00  900.00 
288.00  900.00 
288.00  900.00 
288.00  900.00 
288.00  900.00 
288.00  900.00 
288.00  900.00 
288.00  900.00 
288.00  900.00 
288.00  900.00 
288.00  900.00 
288.00  900.00 
288.00  900.00 
288.00  900.00 
288.00  900.00 
288.00  1080.00 
288.00  1080.00 
288.00  1080.00 
288.00  1080.00 
288.00  1080.00 
288.00  1080.00 
288.00  1080.00 
288.00  1080.00 
288.00  1080.00 
288.00  1080.00 
288.00  1080.00 
288.00  1080.00 
288.00  1080.00 
288.00  1080.00 
288.00  1080.00 
288.00  1080.00 
288.00  1080.00 
288.00  1080.00 
288.00  1080.00 
288.00  1080.00 
288.00  1080.00 
288.00  1080.00 
288.00  1080.00 
288.00  1080.00 
288.00  1080.00 
288.00  1080.00 
288.00  1080.00 
288.00  1080.00 
288.00  1080.00 
288.00  1080.00 
288.00  1080.00 
288.00  1080.00 
288.00  1080.00 
288.00  1080.00 
288.00  1080.00 
288.00  1080.00 
288.00  1080.00 
288.00  1080.00 
288.00  1080.00 
288.00  1080.00 
576.00  0.00 
576.00  0.00 
576.00  0.00 
576.00  0.00 
576.00  0.00 
576.00  0.00 
576.00  0.00 
576.00  0.00 
576.00  0.00 
576.00  0.00 
576.00  0.00 
576.00  0.00 
576.00  0.00 
576.00  0.00 
576.00  0.00 
576.00  0.00 
576.00  0.00 
576.00  0.00 
576.00  0.00 
576.00  0.00 
576.00  0.00 
576.00  0.00 
576.00  0.00 
576.00  0.00 
576.00  0.00 
576.00  0.00 
576.00  0.00 
576.00  0.00 
576.00  0.00 
576.00  0.00 
576.00  0.00 
576.00  0.00 
576.00  0.00 
576.00  0.00 
576.00  0.00 
576.00  0.00 
576.00  0.00 
576.00  0.00 
576.00  0.00 
576.00  0.00 
576.00  180.00 
576.00  180.00 
576.00  180.00 
576.00  180.00 
576.00  180.00 
576.00  180.00 
576.00  180.00 
576.00  180.00 
576.00  180.00 
576.00  180.00 
576.00  180.00 
576.00  180.00 
576.00  180.00 
576.00  180.00 
576.00  180.00 
576.00  180.00 
576.00  180.00 
576.00  180.00 
576.00  180.00 
576.00  180.00 
576.00  180.00 
576.00  180.00 
576.00  180.00 
576.00  180.00 
576.00  180.00 
576.00  180.00 
576.00  180.00 
576.00  180.00 
576.00  180.00 
576.00  180.00 
576.00  180.00 
576.00  180.00 
576.00  180.00 
576.00  180.00 
576.00  180.00 
576.00  180.00 
576.00  180.00 
576.00  180.00 
576.00  180.00 
576.00  180.00 
576.00  360.00 
576.00  360.00 
576.00  360.00 
576.00  360.00 
576.00  360.00 
576.00  360.00 
576.00  360.00 
576.00  360.00 
576.00  360.00 
576.00  360.00 
576.00  360.00 
576.00  360.00 
576.00  360.00 
576.00  360.00 
576.00  360.00 
576.00  360.00 
576.00  360.00 
576.00  360.00 
576.00  360.00 
576.00  360.00 
576.00  360.00 
576.00  360.00 
576.00  360.00 
576.00  360.00 
576.00  360.00 
576.00  360.00 
576.00  360.00 
576.00  360.00 
576.00  360.00 
576.00  360.00 
576.00  360.00 
576.00  360.00 
576.00  360.00 
576.00  360.00 
576.00  360.00 
576.00  360.00 
576.00  360.00 
576.00  360.00 
576.00  360.00 
576.00  360.00 
576.00  540.00 
576.00  540.00 
576.00  540.00 
576.00  540.00 
576.00  540.00 
576.00  540.00 
576.00  540.00 
576.00  540.00 
576.00  540.00 
576.00  540.00 
576.00  540.00 
576.00  540.00 
576.00  540.00 
576.00  540.00 
576.00  540.00 
576.00  540.00 
576.00  540.00 
576.00  540.00 
576.00  540.00 
576.00  540.00 
576.00  540.00 
576.00  540.00 
576.00  540.00 
576.00  540.00 
576.00  540.00 
576.00  540.00 
576.00  540.00 
576.00  540.00 
576.00  540.00 
576.00  540.00 
576.00  540.00 
576.00  540.00 
576.00  540.00 
576.00  540.00 
576.00  540.00 
576.00  540.00 
576.00  540.00 
576.00  540.00 
576.00  540.00 
576.00  540.00 
576.00  720.00 
576.00  720.00 
576.00  720.00 
576.00  720.00 
576.00  720.00 
576.00  720.00 
576.00  720.00 
576.00  720.00 
576.00  720.00 
576.00  720.00 
576.00  720.00 
576.00  720.00 
576.00  720.00 
576.00  720.00 
576.00  720.00 
576.00  720.00 
576.00  720.00 
576.00  720.00 
576.00  720.00 
576.00  720.00 
576.00  720.00 
576.00  720.00 
576.00  720.00 
576.00  720.00 
576.00  720.00 
576.00  720.00 
576.00  720.00 
576.00  720.00 
576.00  720.00 
576.00  720.00 
576.00  720.00 
576.00  720.00 
576.00  720.00 
576.00  720.00 
576.00  720.00 
576.00  720.00 
576.00  720.00 
576.00  720.00 
576.00  720.00 
576.00  720.00 
576.00  900.00 
576.00  900.00 
576.00  900.00 
576.00  900.00 
576.00  900.00 
576.00  900.00 
576.00  900.00 
576.00  900.00 
576.00  900.00 
576.00  900.00 
576.00  900.00 
576.00  900.00 
576.00  900.00 
576.00  900.00 
576.00  900.00 
576.00  900.00 
576.00  900.00 
576.00  900.00 
576.00  900.00 
576.00  900.00 
576.00  900.00 
576.00  900.00 
576.00  900.00 
576.00  900.00 
576.00  900.00 
576.00  900.00 
576.00  900.00 
576.00  900.00 
576.00  900.00 
576.00  900.00 
576.00  900.00 
576.00  900.00 
576.00  900.00 
576.00  900.00 
576.00  900.00 
576.00  900.00 
576.00  900.00 
576.00  900.00 
576.00  900.00 
576.00  900.00 
576.00  1080.00 
576.00  1080.00 
576.00  1080.00 
576.00  1080.00 
576.00  1080.00 
576.00  1080.00 
576.00  1080.00 
576.00  1080.00 
576.00  1080.00 
576.00  1080.00 
576.00  1080.00 
576.00  1080.00 
576.00  1080.00 
576.00  1080.00 
576.00  1080.00 
576.00  1080.00 
576.00  1080.00 
576.00  1080.00 
576.00  1080.00 
576.00  1080.00 
576.00  1080.00 
576.00  1080.00 
576.00  1080.00 
576.00  1080.00 
576.00  1080.00 
576.00  1080.00 
576.00  1080.00 
576.00  1080.00 
576.00  1080.00 
576.00  1080.00 
576.00  1080.00 
576.00  1080.00 
576.00  1080.00 
576.00  1080.00 
576.00  1080.00 
576.00  1080.00 
576.00  1080.00 
576.00  1080.00 
576.00  1080.00 
576.00  1080.00 
864.00  0.00 
864.00  0.00 
864.00  0.00 
864.00  0.00 
864.00  0.00 
864.00  0.00 
864.00  0.00 
864.00  0.00 
864.00  0.00 
864.00  0.00 
864.00  0.00 
864.00  0.00 
864.00  0.00 
864.00  0.00 
864.00  0.00 
864.00  0.00 
864.00  0.00 
864.00  0.00 
864.00  0.00 
864.00  0.00 
864.00  0.00 
864.00  0.00 
864.00  0.00 
864.00  0.00 
864.00  0.00 
864.00  0.00 
864.00  0.00 
864.00  0.00 
864.00  0.00 
864.00  0.00 
864.00  0.00 
864.00  0.00 
864.00  0.00 
864.00  0.00 
864.00  0.00 
864.00  0.00 
864.00  0.00 
864.00  0.00 
864.00  0.00 
864.00  0.00 
864.00  180.00 
864.00  180.00 
864.00  180.00 
864.00  180.00 
864.00  180.00 
864.00  180.00 
864.00  180.00 
864.00  180.00 
864.00  180.00 
864.00  180.00 
864.00  180.00 
864.00  180.00 
864.00  180.00 
864.00  180.00 
864.00  180.00 
864.00  180.00 
864.00  180.00 
864.00  180.00 
864.00  180.00 
864.00  180.00 
864.00  180.00 
864.00  180.00 
864.00  180.00 
864.00  180.00 
864.00  180.00 
864.00  180.00 
864.00  180.00 
864.00  180.00 
864.00  180.00 
864.00  180.00 
864.00  180.00 
864.00  180.00 
864.00  180.00 
864.00  180.00 
864.00  180.00 
864.00  180.00 
864.00  180.00 
864.00  180.00 
864.00  180.00 
864.00  180.00 
864.00  360.00 
864.00  360.00 
864.00  360.00 
864.00  360.00 
864.00  360.00 
864.00  360.00 
864.00  360.00 
864.00  360.00 
864.00  360.00 
864.00  360.00 
864.00  360.00 
864.00  360.00 
864.00  360.00 
864.00  360.00 
864.00  360.00 
864.00  360.00 
864.00  360.00 
864.00  360.00 
864.00  360.00 
864.00  360.00 
864.00  360.00 
864.00  360.00 
864.00  360.00 
864.00  360.00 
864.00  360.00 
864.00  360.00 
864.00  360.00 
864.00  360.00 
864.00  360.00 
864.00  360.00 
864.00  360.00 
864.00  360.00 
864.00  360.00 
864.00  360.00 
864.00  360.00 
864.00  360.00 
864.00  360.00 
864.00  360.00 
864.00  360.00 
864.00  360.00 
864.00  540.00 
864.00  540.00 
864.00  540.00 
864.00  540.00 
864.00  540.00 
864.00  540.00 
864.00  540.00 
864.00  540.00 
864.00  540.00 
864.00  540.00 
864.00  540.00 
864.00  540.00 
864.00  540.00 
864.00  540.00 
864.00  540.00 
864.00  540.00 
864.00  540.00 
864.00  540.00 
864.00  540.00 
864.00  540.00 
864.00  540.00 
864.00  540.00 
864.00  540.00 
864.00  540.00 
864.00  540.00 
864.00  540.00 
864.00  540.00 
864.00  540.00 
864.00  540.00 
864.00  540.00 
864.00  540.00 
864.00  540.00 
864.00  540.00 
864.00  540.00 
864.00  540.00 
864.00  540.00 
864.00  540.00 
864.00  540.00 
864.00  540.00 
864.00  540.00 
864.00  720.00 
864.00  720.00 
864.00  720.00 
864.00  720.00 
864.00  720.00 
864.00  720.00 
864.00  720.00 
864.00  720.00 
864.00  720.00 
864.00  720.00 
864.00  720.00 
864.00  720.00 
864.00  720.00 
864.00  720.00 
864.00  720.00 
864.00  720.00 
864.00  720.00 
864.00  720.00 
864.00  720.00 
864.00  720.00 
864.00  720.00 
864.00  720.00 
864.00  720.00 
864.00  720.00 
864.00  720.00 
864.00  720.00 
864.00  720.00 
864.00  720.00 
864.00  720.00 
864.00  720.00 
864.00  720.00 
864.00  720.00 
864.00  720.00 
864.00  720.00 
864.00  720.00 
864.00  720.00 
864.00  720.00 
864.00  720.00 
864.00  720.00 
864.00  720.00 
864.00  900.00 
864.00  900.00 
864.00  900.00 
864.00  900.00 
864.00  900.00 
864.00  900.00 
864.00  900.00 
864.00  900.00 
864.00  900.00 
864.00  900.00 
864.00  900.00 
864.00  900.00 
864.00  900.00 
864.00  900.00 
864.00  900.00 
864.00  900.00 
864.00  900.00 
864.00  900.00 
864.00  900.00 
864.00  900.00 
864.00  900.00 
864.00  900.00 
864.00  900.00 
864.00  900.00 
864.00  900.00 
864.00  900.00 
864.00  900.00 
864.00  900.00 
864.00  900.00 
864.00  900.00 
864.00  900.00 
864.00  900.00 
864.00  900.00 
864.00  900.00 
864.00  900.00 
864.00  900.00 
864.00  900.00 
864.00  900.00 
864.00  900.00 
864.00  900.00 
864.00  1080.00 
864.00  1080.00 
864.00  1080.00 
864.00  1080.00 
864.00  1080.00 
864.00  1080.00 
864.00  1080.00 
864.00  1080.00 
864.00  1080.00 
864.00  1080.00 
864.00  1080.00 
864.00  1080.00 
864.00  1080.00 
864.00  1080.00 
864.00  1080.00 
864.00  1080.00 
864.00  1080.00 
864.00  1080.00 
864.00  1080.00 
864.00  1080.00 
864.00  1080.00 
864.00  1080.00 
864.00  1080.00 
864.00  1080.00 
864.00  1080.00 
864.00  1080.00 
864.00  1080.00 
864.00  1080.00 
864.00  1080.00 
864.00  1080.00 
864.00  1080.00 
864.00  1080.00 
864.00  1080.00 
864.00  1080.00 
864.00  1080.00 
864.00  1080.00 
864.00  1080.00 
864.00  1080.00 
864.00  1080.00 
864.00  1080.00 
1152.00  0.00 
1152.00  0.00 
1152.00  0.00 
1152.00  0.00 
1152.00  0.00 
1152.00  0.00 
1152.00  0.00 
1152.00  0.00 
1152.00  0.00 
1152.00  0.00 
1152.00  0.00 
1152.00  0.00 
1152.00  0.00 
1152.00  0.00 
1152.00  0.00 
1152.00  0.00 
1152.00  0.00 
1152.00  0.00 
1152.00  0.00 
1152.00  0.00 
1152.00  0.00 
1152.00  0.00 
1152.00  0.00 
1152.00  0.00 
1152.00  0.00 
1152.00  0.00 
1152.00  0.00 
1152.00  0.00 
1152.00  0.00 
1152.00  0.00 
1152.00  0.00 
1152.00  0.00 
1152.00  0.00 
1152.00  0.00 
1152.00  0.00 
1152.00  0.00 
1152.00  0.00 
1152.00  0.00 
1152.00  0.00 
1152.00  0.00 
1152.00  180.00 
1152.00  180.00 
1152.00  180.00 
1152.00  180.00 
1152.00  180.00 
1152.00  180.00 
1152.00  180.00 
1152.00  180.00 
1152.00  180.00 
1152.00  180.00 
1152.00  180.00 
1152.00  180.00 
1152.00  180.00 
1152.00  180.00 
1152.00  180.00 
1152.00  180.00 
1152.00  180.00 
1152.00  180.00 
1152.00  180.00 
1152.00  180.00 
1152.00  180.00 
1152.00  180.00 
1152.00  180.00 
1152.00  180.00 
1152.00  180.00 
1152.00  180.00 
1152.00  180.00 
1152.00  180.00 
1152.00  180.00 
1152.00  180.00 
1152.00  180.00 
1152.00  180.00 
1152.00  180.00 
1152.00  180.00 
1152.00  180.00 
1152.00  180.00 
1152.00  180.00 
1152.00  180.00 
1152.00  180.00 
1152.00  180.00 
1152.00  360.00 
1152.00  360.00 
1152.00  360.00 
1152.00  360.00 
1152.00  360.00 
1152.00  360.00 
1152.00  360.00 
1152.00  360.00 
1152.00  360.00 
1152.00  360.00 
1152.00  360.00 
1152.00  360.00 
1152.00  360.00 
1152.00  360.00 
1152.00  360.00 
1152.00  360.00 
1152.00  360.00 
1152.00  360.00 
1152.00  360.00 
1152.00  360.00 
1152.00  360.00 
1152.00  360.00 
1152.00  360.00 
1152.00  360.00 
1152.00  360.00 
1152.00  360.00 
1152.00  360.00 
1152.00  360.00 
1152.00  360.00 
1152.00  360.00 
1152.00  360.00 
1152.00  360.00 
1152.00  360.00 
1152.00  360.00 
1152.00  360.00 
1152.00  360.00 
1152.00  360.00 
1152.00  360.00 
1152.00  360.00 
1152.00  360.00 
1152.00  540.00 
1152.00  540.00 
1152.00  540.00 
1152.00  540.00 
1152.00  540.00 
1152.00  540.00 
1152.00  540.00 
1152.00  540.00 
1152.00  540.00 
1152.00  540.00 
1152.00  540.00 
1152.00  540.00 
1152.00  540.00 
1152.00  540.00 
1152.00  540.00 
1152.00  540.00 
1152.00  540.00 
1152.00  540.00 
1152.00  540.00 
1152.00  540.00 
1152.00  540.00 
1152.00  540.00 
1152.00  540.00 
1152.00  540.00 
1152.00  540.00 
1152.00  540.00 
1152.00  540.00 
1152.00  540.00 
1152.00  540.00 
1152.00  540.00 
1152.00  540.00 
1152.00  540.00 
1152.00  540.00 
1152.00  540.00 
1152.00  540.00 
1152.00  540.00 
1152.00  540.00 
1152.00  540.00 
1152.00  540.00 
1152.00  540.00 
1152.00  720.00 
1152.00  720.00 
1152.00  720.00 
1152.00  720.00 
1152.00  720.00 
1152.00  720.00 
1152.00  720.00 
1152.00  720.00 
1152.00  720.00 
1152.00  720.00 
1152.00  720.00 
1152.00  720.00 
1152.00  720.00 
1152.00  720.00 
1152.00  720.00 
1152.00  720.00 
1152.00  720.00 
1152.00  720.00 
1152.00  720.00 
1152.00  720.00 
1152.00  720.00 
1152.00  720.00 
1152.00  720.00 
1152.00  720.00 
1152.00  720.00 
1152.00  720.00 
1152.00  720.00 
1152.00  720.00 
1152.00  720.00 
1152.00  720.00 
1152.00  720.00 
1152.00  720.00 
1152.00  720.00 
1152.00  720.00 
1152.00  720.00 
1152.00  720.00 
1152.00  720.00 
1152.00  720.00 
1152.00  720.00 
1152.00  720.00 
1152.00  900.00 
1152.00  900.00 
1152.00  900.00 
1152.00  900.00 
1152.00  900.00 
1152.00  900.00 
1152.00  900.00 
1152.00  900.00 
1152.00  900.00 
1152.00  900.00 
1152.00  900.00 
1152.00  900.00 
1152.00  900.00 
1152.00  900.00 
1152.00  900.00 
1152.00  900.00 
1152.00  900.00 
1152.00  900.00 
1152.00  900.00 
1152.00  900.00 
1152.00  900.00 
1152.00  900.00 
1152.00  900.00 
1152.00  900.00 
1152.00  900.00 
1152.00  900.00 
1152.00  900.00 
1152.00  900.00 
1152.00  900.00 
1152.00  900.00 
1152.00  900.00 
1152.00  900.00 
1152.00  900.00 
1152.00  900.00 
1152.00  900.00 
1152.00  900.00 
1152.00  900.00 
1152.00  900.00 
1152.00  900.00 
1152.00  900.00 
1152.00  1080.00 
1152.00  1080.00 
1152.00  1080.00 
1152.00  1080.00 
1152.00  1080.00 
1152.00  1080.00 
1152.00  1080.00 
1152.00  1080.00 
1152.00  1080.00 
1152.00  1080.00 
1152.00  1080.00 
1152.00  1080.00 
1152.00  1080.00 
1152.00  1080.00 
1152.00  1080.00 
1152.00  1080.00 
1152.00  1080.00 
1152.00  1080.00 
1152.00  1080.00 
1152.00  1080.00 
1152.00  1080.00 
1152.00  1080.00 
1152.00  1080.00 
1152.00  1080.00 
1152.00  1080.00 
1152.00  1080.00 
1152.00  1080.00 
1152.00  1080.00 
1152.00  1080.00 
1152.00  1080.00 
1152.00  1080.00 
1152.00  1080.00 
1152.00  1080.00 
1152.00  1080.00 
1152.00  1080.00 
1152.00  1080.00 
1152.00  1080.00 
1152.00  1080.00 
1152.00  1080.00 
1152.00  1080.00 
1440.00  0.00 
1440.00  0.00 
1440.00  0.00 
1440.00  0.00 
1440.00  0.00 
1440.00  0.00 
1440.00  0.00 
1440.00  0.00 
1440.00  0.00 
1440.00  0.00 
1440.00  0.00 
1440.00  0.00 
1440.00  0.00 
1440.00  0.00 
1440.00  0.00 
1440.00  0.00 
1440.00  0.00 
1440.00  0.00 
1440.00  0.00 
1440.00  0.00 
1440.00  0.00 
1440.00  0.00 
1440.00  0.00 
1440.00  0.00 
1440.00  0.00 
1440.00  0.00 
1440.00  0.00 
1440.00  0.00 
1440.00  0.00 
1440.00  0.00 
1440.00  0.00 
1440.00  0.00 
1440.00  0.00 
1440.00  0.00 
1440.00  0.00 
1440.00  0.00 
1440.00  0.00 
1440.00  0.00 
1440.00  0.00 
1440.00  0.00 
1440.00  180.00 
1440.00  180.00 
1440.00  180.00 
1440.00  180.00 
1440.00  180.00 
1440.00  180.00 
1440.00  180.00 
1440.00  180.00 
1440.00  180.00 
1440.00  180.00 
1440.00  180.00 
1440.00  180.00 
1440.00  180.00 
1440.00  180.00 
1440.00  180.00 
1440.00  180.00 
1440.00  180.00 
1440.00  180.00 
1440.00  180.00 
1440.00  180.00 
1440.00  180.00 
1440.00  180.00 
1440.00  180.00 
1440.00  180.00 
1440.00  180.00 
1440.00  180.00 
1440.00  180.00 
1440.00  180.00 
1440.00  180.00 
1440.00  180.00 
1440.00  180.00 
1440.00  180.00 
1440.00  180.00 
1440.00  180.00 
1440.00  180.00 
1440.00  180.00 
1440.00  180.00 
1440.00  180.00 
1440.00  180.00 
1440.00  180.00 
1440.00  360.00 
1440.00  360.00 
1440.00  360.00 
1440.00  360.00 
1440.00  360.00 
1440.00  360.00 
1440.00  360.00 
1440.00  360.00 
1440.00  360.00 
1440.00  360.00 
1440.00  360.00 
1440.00  360.00 
1440.00  360.00 
1440.00  360.00 
1440.00  360.00 
1440.00  360.00 
1440.00  360.00 
1440.00  360.00 
1440.00  360.00 
1440.00  360.00 
1440.00  360.00 
1440.00  360.00 
1440.00  360.00 
1440.00  360.00 
1440.00  360.00 
1440.00  360.00 
1440.00  360.00 
1440.00  360.00 
1440.00  360.00 
1440.00  360.00 
1440.00  360.00 
1440.00  360.00 
1440.00  360.00 
1440.00  360.00 
1440.00  360.00 
1440.00  360.00 
1440.00  360.00 
1440.00  360.00 
1440.00  360.00 
1440.00  360.00 
1440.00  540.00 
1440.00  540.00 
1440.00  540.00 
1440.00  540.00 
1440.00  540.00 
1440.00  540.00 
1440.00  540.00 
1440.00  540.00 
1440.00  540.00 
1440.00  540.00 
1440.00  540.00 
1440.00  540.00 
1440.00  540.00 
1440.00  540.00 
1440.00  540.00 
1440.00  540.00 
1440.00  540.00 
1440.00  540.00 
1440.00  540.00 
1440.00  540.00 
1440.00  540.00 
1440.00  540.00 
1440.00  540.00 
1440.00  540.00 
1440.00  540.00 
1440.00  540.00 
1440.00  540.00 
1440.00  540.00 
1440.00  540.00 
1440.00  540.00 
1440.00  540.00 
1440.00  540.00 
1440.00  540.00 
1440.00  540.00 
1440.00  540.00 
1440.00  540.00 
1440.00  540.00 
1440.00  540.00 
1440.00  540.00 
1440.00  540.00 
1440.00  720.00 
1440.00  720.00 
1440.00  720.00 
1440.00  720.00 
1440.00  720.00 
1440.00  720.00 
1440.00  720.00 
1440.00  720.00 
1440.00  720.00 
1440.00  720.00 
1440.00  720.00 
1440.00  720.00 
1440.00  720.00 
1440.00  720.00 
1440.00  720.00 
1440.00  720.00 
1440.00  720.00 
1440.00  720.00 
1440.00  720.00 
1440.00  720.00 
1440.00  720.00 
1440.00  720.00 
1440.00  720.00 
1440.00  720.00 
1440.00  720.00 
1440.00  720.00 
1440.00  720.00 
1440.00  720.00 
1440.00  720.00 
1440.00  720.00 
1440.00  720.00 
1440.00  720.00 
1440.00  720.00 
1440.00  720.00 
1440.00  720.00 
1440.00  720.00 
1440.00  720.00 
1440.00  720.00 
1440.00  720.00 
1440.00  720.00 
1440.00  900.00 
1440.00  900.00 
1440.00  900.00 
1440.00  900.00 
1440.00  900.00 
1440.00  900.00 
1440.00  900.00 
1440.00  900.00 
1440.00  900.00 
1440.00  900.00 
1440.00  900.00 
1440.00  900.00 
1440.00  900.00 
1440.00  900.00 
1440.00  900.00 
1440.00  900.00 
1440.00  900.00 
1440.00  900.00 
1440.00  900.00 
1440.00  900.00 
1440.00  900.00 
1440.00  900.00 
1440.00  900.00 
1440.00  900.00 
1440.00  900.00 
1440.00  900.00 
1440.00  900.00 
1440.00  900.00 
1440.00  900.00 
1440.00  900.00 
1440.00  900.00 
1440.00  900.00 
1440.00  900.00 
1440.00  900.00 
1440.00  900.00 
1440.00  900.00 
1440.00  900.00 
1440.00  900.00 
1440.00  900.00 
1440.00  900.00 
1440.00  1080.00 
1440.00  1080.00 
1440.00  1080.00 
1440.00  1080.00 
1440.00  1080.00 
1440.00  1080.00 
1440.00  1080.00 
1440.00  1080.00 
1440.00  1080.00 
1440.00  1080.00 
1440.00  1080.00 
1440.00  1080.00 
1440.00  1080.00 
1440.00  1080.00 
1440.00  1080.00 
1440.00  1080.00 
1440.00  1080.00 
1440.00  1080.00 
1440.00  1080.00 
1440.00  1080.00 
1440.00  1080.00 
1440.00  1080.00 
1440.00  1080.00 
1440.00  1080.00 
1440.00  1080.00 
1440.00  1080.00 
1440.00  1080.00 
1440.00  1080.00 
1440.00  1080.00 
1440.00  1080.00 
1440.00  1080.00 
1440.00  1080.00 
1440.00  1080.00 
1440.00  1080.00 
1440.00  1080.00 
1440.00  1080.00 
1440.00  1080.00 
1440.00  1080.00 
1440.00  1080.00 
1440.00  1080.00 
1728.00  0.00 
1728.00  0.00 
1728.00  0.00 
1728.00  0.00 
1728.00  0.00 
1728.00  0.00 
1728.00  0.00 
1728.00  0.00 
1728.00  0.00 
1728.00  0.00 
1728.00  0.00 
1728.00  0.00 
1728.00  0.00 
1728.00  0.00 
1728.00  0.00 
1728.00  0.00 
1728.00  0.00 
1728.00  0.00 
1728.00  0.00 
1728.00  0.00 
1728.00  0.00 
1728.00  0.00 
1728.00  0.00 
1728.00  0.00 
1728.00  0.00 
1728.00  0.00 
1728.00  0.00 
1728.00  0.00 
1728.00  0.00 
1728.00  0.00 
1728.00  0.00 
1728.00  0.00 
1728.00  0.00 
1728.00  0.00 
1728.00  0.00 
1728.00  0.00 
1728.00  0.00 
1728.00  0.00 
1728.00  0.00 
1728.00  0.00 
1728.00  180.00 
1728.00  180.00 
1728.00  180.00 
1728.00  180.00 
1728.00  180.00 
1728.00  180.00 
1728.00  180.00 
1728.00  180.00 
1728.00  180.00 
1728.00  180.00 
1728.00  180.00 
1728.00  180.00 
1728.00  180.00 
1728.00  180.00 
1728.00  180.00 
1728.00  180.00 
1728.00  180.00 
1728.00  180.00 
1728.00  180.00 
1728.00  180.00 
1728.00  180.00 
1728.00  180.00 
1728.00  180.00 
1728.00  180.00 
1728.00  180.00 
1728.00  180.00 
1728.00  180.00 
1728.00  180.00 
1728.00  180.00 
1728.00  180.00 
1728.00  180.00 
1728.00  180.00 
1728.00  180.00 
1728.00  180.00 
1728.00  180.00 
1728.00  180.00 
1728.00  180.00 
1728.00  180.00 
1728.00  180.00 
1728.00  180.00 
1728.00  360.00 
1728.00  360.00 
1728.00  360.00 
1728.00  360.00 
1728.00  360.00 
1728.00  360.00 
1728.00  360.00 
1728.00  360.00 
1728.00  360.00 
1728.00  360.00 
1728.00  360.00 
1728.00  360.00 
1728.00  360.00 
1728.00  360.00 
1728.00  360.00 
1728.00  360.00 
1728.00  360.00 
1728.00  360.00 
1728.00  360.00 
1728.00  360.00 
1728.00  360.00 
1728.00  360.00 
1728.00  360.00 
1728.00  360.00 
1728.00  360.00 
1728.00  360.00 
1728.00  360.00 
1728.00  360.00 
1728.00  360.00 
1728.00  360.00 
1728.00  360.00 
1728.00  360.00 
1728.00  360.00 
1728.00  360.00 
1728.00  360.00 
1728.00  360.00 
1728.00  360.00 
1728.00  360.00 
1728.00  360.00 
1728.00  360.00 
1728.00  540.00 
1728.00  540.00 
1728.00  540.00 
1728.00  540.00 
1728.00  540.00 
1728.00  540.00 
1728.00  540.00 
1728.00  540.00 
1728.00  540.00 
1728.00  540.00 
1728.00  540.00 
1728.00  540.00 
1728.00  540.00 
1728.00  540.00 
1728.00  540.00 
1728.00  540.00 
1728.00  540.00 
1728.00  540.00 
1728.00  540.00 
1728.00  540.00 
1728.00  540.00 
1728.00  540.00 
1728.00  540.00 
1728.00  540.00 
1728.00  540.00 
1728.00  540.00 
1728.00  540.00 
1728.00  540.00 
1728.00  540.00 
1728.00  540.00 
1728.00  540.00 
1728.00  540.00 
1728.00  540.00 
1728.00  540.00 
1728.00  540.00 
1728.00  540.00 
1728.00  540.00 
1728.00  540.00 
1728.00  540.00 
1728.00  540.00 
1728.00  720.00 
1728.00  720.00 
1728.00  720.00 
1728.00  720.00 
1728.00  720.00 
1728.00  720.00 
1728.00  720.00 
1728.00  720.00 
1728.00  720.00 
1728.00  720.00 
1728.00  720.00 
1728.00  720.00 
1728.00  720.00 
1728.00  720.00 
1728.00  720.00 
1728.00  720.00 
1728.00  720.00 
1728.00  720.00 
1728.00  720.00 
1728.00  720.00 
1728.00  720.00 
1728.00  720.00 
1728.00  720.00 
1728.00  720.00 
1728.00  720.00 
1728.00  720.00 
1728.00  720.00 
1728.00  720.00 
1728.00  720.00 
1728.00  720.00 
1728.00  720.00 
1728.00  720.00 
1728.00  720.00 
1728.00  720.00 
1728.00  720.00 
1728.00  720.00 
1728.00  720.00 
1728.00  720.00 
1728.00  720.00 
1728.00  720.00 
1728.00  900.00 
1728.00  900.00 
1728.00  900.00 
1728.00  900.00 
1728.00  900.00 
1728.00  900.00 
1728.00  900.00 
1728.00  900.00 
1728.00  900.00 
1728.00  900.00 
1728.00  900.00 
1728.00  900.00 
1728.00  900.00 
1728.00  900.00 
1728.00  900.00 
1728.00  900.00 
1728.00  900.00 
1728.00  900.00 
1728.00  900.00 
1728.00  900.00 
1728.00  900.00 
1728.00  900.00 
1728.00  900.00 
1728.00  900.00 
1728.00  900.00 
1728.00  900.00 
1728.00  900.00 
1728.00  900.00 
1728.00  900.00 
1728.00  900.00 
1728.00  900.00 
1728.00  900.00 
1728.00  900.00 
1728.00  900.00 
1728.00  900.00 
1728.00  900.00 
1728.00  900.00 
1728.00  900.00 
1728.00  900.00 
1728.00  900.00 
1728.00  1080.00 
1728.00  1080.00 
1728.00  1080.00 
1728.00  1080.00 
1728.00  1080.00 
1728.00  1080.00 
1728.00  1080.00 
1728.00  1080.00 
1728.00  1080.00 
1728.00  1080.00 
1728.00  1080.00 
1728.00  1080.00 
1728.00  1080.00 
1728.00  1080.00 
1728.00  1080.00 
1728.00  1080.00 
1728.00  1080.00 
1728.00  1080.00 
1728.00  1080.00 
1728.00  1080.00 
1728.00  1080.00 
1728.00  1080.00 
1728.00  1080.00 
1728.00  1080.00 
1728.00  1080.00 
1728.00  1080.00 
1728.00  1080.00 
1728.00  1080.00 
1728.00  1080.00 
1728.00  1080.00 
1728.00  1080.00 
1728.00  1080.00 
1728.00  1080.00 
1728.00  1080.00 
1728.00  1080.00 
1728.00  1080.00 
1728.00  1080.00 
1728.00  1080.00 
1728.00  1080.00 
1728.00  1080.00 
