647.24  350.93         0.00  0.00 
518.95  501.26         0.00  0.00 
610.00  494.34         0.00  0.00 
580.86  407.71         0.00  0.00 
640.38  317.97         0.00  0.00 
452.57  415.31         0.00  0.00 
649.65  503.98         0.00  0.00 
378.39  186.71         0.00  0.00 
317.32  150.71         0.00  0.00 
425.63  -55.78         0.00  0.00 
273.86  110.29         0.00  0.00 
-19.01  166.97         0.00  0.00 
87.45  57.56         0.00  0.00 
58.25  140.67         0.00  0.00 
145.24  153.28         0.00  0.00 
206.51  101.91         0.00  0.00 
-265.82  -128.23         0.00  0.00 
-53.59  -5.14         0.00  0.00 
-293.52  64.96         0.00  0.00 
67.56  -102.42         0.00  0.00 
56.74  122.36         0.00  0.00 
110.82  155.09         0.00  0.00 
-91.80  32.30         0.00  0.00 
38.01  125.19         0.00  0.00 
135.82  49.85         0.00  0.00 
-84.21  -75.28         0.00  0.00 
-191.48  -89.16         0.00  0.00 
-243.50  -230.21         0.00  0.00 
248.47  -48.22         0.00  0.00 
-70.00  77.23         0.00  0.00 
122.05  13.87         0.00  0.00 
-253.18  -152.96         0.00  0.00 
14.58  -145.92         0.00  0.00 
-36.86  264.87         0.00  0.00 
209.38  90.18         0.00  0.00 
225.31  91.90         0.00  0.00 
-180.99  -102.87         0.00  0.00 
53.68  -82.44         0.00  0.00 
-27.87  -29.89         0.00  0.00 
38.64  149.02         0.00  115.20 
-8.47  120.48         0.00  115.20 
-191.45  -151.39         0.00  115.20 
206.63  -100.40         0.00  115.20 
232.39  112.45         0.00  115.20 
89.17  128.21         0.00  115.20 
152.80  45.94         0.00  115.20 
-100.21  -27.12         0.00  115.20 
-48.47  -54.54         0.00  115.20 
-116.49  204.84         0.00  115.20 
-96.78  72.27         0.00  115.20 
10.98  188.68         0.00  115.20 
-152.18  103.09         0.00  115.20 
-184.69  19.90         0.00  115.20 
-41.84  -26.86         0.00  115.20 
111.12  34.13         0.00  115.20 
-158.73  -68.40         0.00  115.20 
-225.60  -31.07         0.00  115.20 
37.49  47.96         0.00  115.20 
-82.40  6.23         0.00  115.20 
-39.78  109.45         0.00  115.20 
-19.68  206.22         0.00  115.20 
118.07  -65.66         0.00  115.20 
-133.34  -64.45         0.00  115.20 
23.02  180.63         0.00  115.20 
-120.03  -23.57         0.00  115.20 
-6.98  173.09         0.00  115.20 
205.90  10.97         0.00  115.20 
-122.16  88.29         0.00  115.20 
-181.21  -111.30         0.00  115.20 
-205.60  36.50         0.00  115.20 
-109.36  151.98         0.00  115.20 
13.10  133.82         0.00  115.20 
-195.27  99.75         0.00  115.20 
169.13  67.61         0.00  115.20 
-44.78  -51.39         0.00  115.20 
40.87  174.50         0.00  115.20 
6.66  -45.66         0.00  115.20 
-309.06  -22.84         0.00  115.20 
184.81  116.48         0.00  115.20 
-53.40  -33.00         0.00  230.40 
6.74  67.00         0.00  230.40 
-25.20  37.36         0.00  230.40 
-4.88  30.64         0.00  230.40 
-252.82  -241.11         0.00  230.40 
174.22  187.35         0.00  230.40 
-418.72  90.09         0.00  230.40 
-69.39  57.97         0.00  230.40 
43.02  339.26         0.00  230.40 
-171.79  52.22         0.00  230.40 
-166.83  126.12         0.00  230.40 
-128.72  135.69         0.00  230.40 
-192.25  -21.35         0.00  230.40 
33.12  74.61         0.00  230.40 
-6.15  159.28         0.00  230.40 
-75.15  -79.68         0.00  230.40 
-124.29  -15.84         0.00  230.40 
88.14  202.19         0.00  230.40 
447.29  271.49         0.00  230.40 
-35.19  210.52         0.00  230.40 
-188.70  31.29         0.00  230.40 
139.32  202.77         0.00  230.40 
284.07  32.15         0.00  230.40 
80.76  131.79         0.00  230.40 
267.52  217.17         0.00  230.40 
161.70  38.62         0.00  230.40 
117.13  478.63         0.00  230.40 
-136.31  145.85         0.00  230.40 
-58.65  -75.37         0.00  230.40 
-47.74  43.36         0.00  230.40 
-89.37  59.91         0.00  230.40 
130.34  236.96         0.00  230.40 
203.67  379.02         0.00  230.40 
152.90  168.00         0.00  230.40 
-51.57  225.49         0.00  230.40 
10.39  -17.24         0.00  230.40 
236.50  119.37         0.00  230.40 
109.69  252.59         0.00  230.40 
24.68  102.21         0.00  230.40 
100.20  169.70         0.00  230.40 
150.01  294.19         0.00  345.60 
-133.50  140.75         0.00  345.60 
-28.17  -28.82         0.00  345.60 
249.80  222.08         0.00  345.60 
238.07  31.80         0.00  345.60 
43.71  10.07         0.00  345.60 
-127.17  141.72         0.00  345.60 
1.67  118.06         0.00  345.60 
269.95  25.83         0.00  345.60 
214.12  96.97         0.00  345.60 
102.47  278.12         0.00  345.60 
-92.45  199.23         0.00  345.60 
56.02  -15.25         0.00  345.60 
124.14  142.40         0.00  345.60 
27.76  129.50         0.00  345.60 
219.89  197.12         0.00  345.60 
-78.40  148.92         0.00  345.60 
153.40  260.39         0.00  345.60 
162.11  228.30         0.00  345.60 
123.87  123.15         0.00  345.60 
277.87  311.51         0.00  345.60 
-43.21  301.22         0.00  345.60 
84.98  248.87         0.00  345.60 
162.56  213.48         0.00  345.60 
184.66  89.47         0.00  345.60 
11.10  172.87         0.00  345.60 
270.82  338.00         0.00  345.60 
96.49  102.87         0.00  345.60 
14.31  321.41         0.00  345.60 
-63.20  149.24         0.00  345.60 
-46.28  39.80         0.00  345.60 
327.57  201.87         0.00  345.60 
49.39  318.03         0.00  345.60 
-57.16  236.42         0.00  345.60 
-74.65  226.02         0.00  345.60 
-35.07  282.59         0.00  345.60 
-66.91  334.00         0.00  345.60 
-105.82  -1.04         0.00  345.60 
323.38  265.62         0.00  345.60 
-192.13  132.52         0.00  345.60 
-37.92  96.84         0.00  460.80 
-166.02  318.77         0.00  460.80 
116.15  376.53         0.00  460.80 
142.96  0.51         0.00  460.80 
124.87  150.53         0.00  460.80 
34.24  241.96         0.00  460.80 
305.30  354.50         0.00  460.80 
215.12  169.61         0.00  460.80 
172.98  -42.35         0.00  460.80 
-95.47  108.27         0.00  460.80 
345.02  191.78         0.00  460.80 
34.75  266.50         0.00  460.80 
160.08  257.77         0.00  460.80 
-61.23  24.15         0.00  460.80 
14.73  228.98         0.00  460.80 
422.49  291.11         0.00  460.80 
168.87  362.92         0.00  460.80 
179.94  253.32         0.00  460.80 
20.87  253.03         0.00  460.80 
386.80  246.97         0.00  460.80 
289.49  179.75         0.00  460.80 
-38.72  227.78         0.00  460.80 
418.71  409.92         0.00  460.80 
340.47  412.20         0.00  460.80 
141.87  383.09         0.00  460.80 
387.60  527.97         0.00  460.80 
266.03  321.22         0.00  460.80 
112.89  287.40         0.00  460.80 
-78.46  169.23         0.00  460.80 
96.42  349.51         0.00  460.80 
109.57  135.60         0.00  460.80 
450.13  380.61         0.00  460.80 
29.45  272.21         0.00  460.80 
88.09  215.04         0.00  460.80 
112.47  162.25         0.00  460.80 
-4.37  165.55         0.00  460.80 
-160.95  195.26         0.00  460.80 
50.96  129.95         0.00  460.80 
36.01  148.03         0.00  460.80 
-311.86  144.16         0.00  460.80 
224.37  257.89         0.00  576.00 
1.52  294.11         0.00  576.00 
417.25  325.90         0.00  576.00 
-9.65  260.57         0.00  576.00 
49.36  167.69         0.00  576.00 
311.73  416.36         0.00  576.00 
258.09  154.37         0.00  576.00 
-69.30  288.58         0.00  576.00 
-97.07  216.50         0.00  576.00 
424.50  147.99         0.00  576.00 
137.54  191.30         0.00  576.00 
-132.33  43.51         0.00  576.00 
100.38  179.36         0.00  576.00 
298.56  105.51         0.00  576.00 
15.44  408.58         0.00  576.00 
79.79  320.92         0.00  576.00 
211.37  322.28         0.00  576.00 
366.95  444.37         0.00  576.00 
176.96  335.90         0.00  576.00 
-41.33  497.63         0.00  576.00 
194.09  325.56         0.00  576.00 
383.80  339.89         0.00  576.00 
53.06  369.97         0.00  576.00 
366.03  337.70         0.00  576.00 
327.84  428.91         0.00  576.00 
121.55  420.14         0.00  576.00 
26.83  323.31         0.00  576.00 
-87.99  207.97         0.00  576.00 
168.98  342.05         0.00  576.00 
365.70  362.35         0.00  576.00 
128.11  450.48         0.00  576.00 
204.67  494.28         0.00  576.00 
177.33  336.84         0.00  576.00 
87.37  330.00         0.00  576.00 
-112.92  157.24         0.00  576.00 
76.54  202.96         0.00  576.00 
76.23  275.04         0.00  576.00 
189.76  495.93         0.00  576.00 
227.70  434.63         0.00  576.00 
40.12  376.20         0.00  576.00 
243.20  388.18         0.00  691.20 
474.16  396.27         0.00  691.20 
508.61  510.65         0.00  691.20 
600.72  649.31         0.00  691.20 
193.59  614.78         0.00  691.20 
207.44  202.32         0.00  691.20 
242.87  463.64         0.00  691.20 
293.54  369.18         0.00  691.20 
452.93  351.29         0.00  691.20 
42.25  278.09         0.00  691.20 
164.26  418.36         0.00  691.20 
304.85  593.77         0.00  691.20 
35.88  297.74         0.00  691.20 
406.78  303.13         0.00  691.20 
211.73  430.72         0.00  691.20 
-51.87  613.22         0.00  691.20 
206.65  455.47         0.00  691.20 
189.36  466.84         0.00  691.20 
559.28  587.58         0.00  691.20 
467.86  387.14         0.00  691.20 
260.97  446.62         0.00  691.20 
243.06  491.93         0.00  691.20 
255.54  458.30         0.00  691.20 
440.88  624.67         0.00  691.20 
250.86  400.85         0.00  691.20 
415.80  598.46         0.00  691.20 
574.26  290.89         0.00  691.20 
212.98  492.20         0.00  691.20 
568.33  254.35         0.00  691.20 
265.57  518.01         0.00  691.20 
423.74  504.40         0.00  691.20 
389.70  511.29         0.00  691.20 
464.04  400.04         0.00  691.20 
511.57  596.73         0.00  691.20 
442.52  399.29         0.00  691.20 
37.52  317.18         0.00  691.20 
234.36  501.37         0.00  691.20 
258.23  695.55         0.00  691.20 
320.11  718.37         0.00  691.20 
384.23  404.81         0.00  691.20 
349.00  471.40         204.90  0.00 
399.83  407.10         204.90  0.00 
478.09  478.44         204.90  0.00 
603.72  439.78         204.90  0.00 
623.83  542.71         204.90  0.00 
120.10  363.57         204.90  0.00 
3.31  210.67         204.90  0.00 
324.13  586.49         204.90  0.00 
557.69  655.78         204.90  0.00 
98.36  517.73         204.90  0.00 
498.28  610.81         204.90  0.00 
302.11  438.30         204.90  0.00 
310.23  426.28         204.90  0.00 
395.76  631.97         204.90  0.00 
622.56  552.23         204.90  0.00 
151.45  401.47         204.90  0.00 
536.79  437.57         204.90  0.00 
656.28  324.49         204.90  0.00 
718.60  326.56         204.90  0.00 
487.81  241.32         204.90  0.00 
436.01  274.38         204.90  0.00 
59.74  17.50         204.90  0.00 
-15.64  87.84         204.90  0.00 
41.04  -86.70         204.90  0.00 
-121.56  -48.79         204.90  0.00 
100.60  161.18         204.90  0.00 
34.88  -11.17         204.90  0.00 
54.06  157.87         204.90  0.00 
247.48  -111.84         204.90  0.00 
-481.35  -129.79         204.90  0.00 
59.80  55.04         204.90  0.00 
118.05  23.72         204.90  0.00 
-206.84  -102.22         204.90  0.00 
-142.51  -12.55         204.90  0.00 
18.20  -191.83         204.90  0.00 
188.14  132.90         204.90  0.00 
-59.65  113.52         204.90  0.00 
883.54  691.84         204.90  0.00 
935.22  448.18         204.90  0.00 
1295.70  638.94         204.90  0.00 
960.51  318.87         204.90  115.20 
556.79  374.85         204.90  115.20 
620.78  131.98         204.90  115.20 
-103.11  -6.83         204.90  115.20 
-66.18  3.34         204.90  115.20 
-162.92  -143.82         204.90  115.20 
-152.11  -102.37         204.90  115.20 
-228.46  125.41         204.90  115.20 
-174.99  -30.14         204.90  115.20 
191.90  -8.35         204.90  115.20 
186.01  239.81         204.90  115.20 
-16.55  53.82         204.90  115.20 
-127.47  -10.68         204.90  115.20 
-36.95  59.78         204.90  115.20 
-448.38  -38.89         204.90  115.20 
139.25  18.73         204.90  115.20 
-53.75  156.47         204.90  115.20 
-29.80  -48.28         204.90  115.20 
52.45  180.62         204.90  115.20 
-100.32  -82.13         204.90  115.20 
-51.47  177.61         204.90  115.20 
104.96  190.17         204.90  115.20 
59.19  43.18         204.90  115.20 
132.32  127.08         204.90  115.20 
212.34  229.82         204.90  115.20 
-183.34  28.06         204.90  115.20 
-82.96  -51.80         204.90  115.20 
-121.62  115.29         204.90  115.20 
83.78  226.09         204.90  115.20 
-1.18  -16.96         204.90  115.20 
90.02  175.50         204.90  115.20 
145.07  60.38         204.90  115.20 
135.37  -25.36         204.90  115.20 
-2.28  -7.11         204.90  115.20 
222.53  195.32         204.90  115.20 
228.10  100.60         204.90  115.20 
154.45  33.38         204.90  115.20 
156.42  204.00         204.90  115.20 
109.20  15.06         204.90  115.20 
-127.29  -48.59         204.90  115.20 
-115.98  111.26         204.90  230.40 
369.98  33.88         204.90  230.40 
147.56  87.46         204.90  230.40 
187.51  308.66         204.90  230.40 
-131.28  53.74         204.90  230.40 
25.72  166.06         204.90  230.40 
-129.70  22.43         204.90  230.40 
193.96  80.58         204.90  230.40 
111.91  87.73         204.90  230.40 
262.48  27.37         204.90  230.40 
103.01  106.64         204.90  230.40 
29.27  -105.60         204.90  230.40 
-190.86  153.78         204.90  230.40 
-114.02  -54.93         204.90  230.40 
323.40  105.57         204.90  230.40 
125.99  50.23         204.90  230.40 
338.16  277.79         204.90  230.40 
236.37  196.78         204.90  230.40 
291.99  67.84         204.90  230.40 
252.15  253.39         204.90  230.40 
134.19  147.88         204.90  230.40 
-155.52  71.65         204.90  230.40 
-12.02  247.80         204.90  230.40 
160.68  62.42         204.90  230.40 
159.58  294.86         204.90  230.40 
94.26  -62.59         204.90  230.40 
173.54  128.88         204.90  230.40 
168.24  135.85         204.90  230.40 
247.82  163.76         204.90  230.40 
351.52  371.37         204.90  230.40 
489.64  467.25         204.90  230.40 
34.47  206.06         204.90  230.40 
105.33  394.23         204.90  230.40 
121.67  13.00         204.90  230.40 
142.56  291.55         204.90  230.40 
580.64  347.32         204.90  230.40 
188.59  138.85         204.90  230.40 
183.01  108.67         204.90  230.40 
-83.97  -73.45         204.90  230.40 
420.84  186.12         204.90  230.40 
332.34  414.34         204.90  345.60 
229.29  263.46         204.90  345.60 
458.18  462.02         204.90  345.60 
248.92  315.16         204.90  345.60 
266.75  203.50         204.90  345.60 
24.52  40.38         204.90  345.60 
580.87  414.97         204.90  345.60 
206.55  229.50         204.90  345.60 
43.16  272.10         204.90  345.60 
231.76  216.92         204.90  345.60 
243.24  145.37         204.90  345.60 
178.79  245.29         204.90  345.60 
328.56  192.24         204.90  345.60 
-83.41  356.20         204.90  345.60 
234.79  35.51         204.90  345.60 
534.57  270.78         204.90  345.60 
205.47  265.44         204.90  345.60 
-190.71  16.34         204.90  345.60 
225.69  342.28         204.90  345.60 
581.29  412.62         204.90  345.60 
574.81  310.05         204.90  345.60 
313.91  268.64         204.90  345.60 
472.43  189.40         204.90  345.60 
184.26  274.16         204.90  345.60 
710.57  371.42         204.90  345.60 
596.52  375.13         204.90  345.60 
603.35  326.57         204.90  345.60 
124.84  331.88         204.90  345.60 
321.69  235.01         204.90  345.60 
352.10  502.52         204.90  345.60 
391.22  201.27         204.90  345.60 
707.07  410.07         204.90  345.60 
472.43  204.38         204.90  345.60 
432.99  167.51         204.90  345.60 
670.32  262.55         204.90  345.60 
313.58  345.65         204.90  345.60 
367.13  417.18         204.90  345.60 
321.58  543.14         204.90  345.60 
524.24  117.97         204.90  345.60 
317.45  430.69         204.90  345.60 
208.66  209.95         204.90  460.80 
651.43  295.41         204.90  460.80 
265.55  329.70         204.90  460.80 
241.91  503.19         204.90  460.80 
470.45  356.50         204.90  460.80 
537.55  539.90         204.90  460.80 
278.40  173.50         204.90  460.80 
469.51  403.99         204.90  460.80 
315.76  299.42         204.90  460.80 
437.89  206.52         204.90  460.80 
421.72  310.09         204.90  460.80 
259.06  244.92         204.90  460.80 
258.75  226.51         204.90  460.80 
133.71  311.47         204.90  460.80 
487.43  394.99         204.90  460.80 
178.46  319.30         204.90  460.80 
168.17  262.60         204.90  460.80 
465.31  347.11         204.90  460.80 
126.72  258.66         204.90  460.80 
384.52  395.55         204.90  460.80 
282.17  204.47         204.90  460.80 
451.78  406.48         204.90  460.80 
250.16  268.98         204.90  460.80 
594.33  262.98         204.90  460.80 
281.65  238.96         204.90  460.80 
411.86  363.46         204.90  460.80 
291.67  252.36         204.90  460.80 
325.59  344.69         204.90  460.80 
465.03  418.62         204.90  460.80 
580.72  413.33         204.90  460.80 
408.15  386.58         204.90  460.80 
298.43  584.04         204.90  460.80 
155.66  393.46         204.90  460.80 
415.13  194.08         204.90  460.80 
437.66  366.67         204.90  460.80 
257.32  374.35         204.90  460.80 
340.59  311.22         204.90  460.80 
322.80  405.72         204.90  460.80 
62.03  414.59         204.90  460.80 
421.47  493.32         204.90  460.80 
135.91  172.08         204.90  576.00 
155.67  162.10         204.90  576.00 
163.88  241.80         204.90  576.00 
625.59  490.26         204.90  576.00 
235.49  330.23         204.90  576.00 
105.17  -24.81         204.90  576.00 
46.66  438.22         204.90  576.00 
404.42  447.38         204.90  576.00 
134.74  246.99         204.90  576.00 
320.75  596.52         204.90  576.00 
425.88  490.18         204.90  576.00 
435.81  330.48         204.90  576.00 
591.21  337.55         204.90  576.00 
236.86  380.92         204.90  576.00 
194.26  252.35         204.90  576.00 
426.84  262.93         204.90  576.00 
428.83  411.43         204.90  576.00 
110.90  260.12         204.90  576.00 
284.59  207.18         204.90  576.00 
504.17  234.63         204.90  576.00 
264.41  232.73         204.90  576.00 
554.81  499.44         204.90  576.00 
451.07  578.86         204.90  576.00 
353.22  391.65         204.90  576.00 
274.37  154.34         204.90  576.00 
500.02  411.72         204.90  576.00 
464.52  537.14         204.90  576.00 
375.89  183.63         204.90  576.00 
358.08  438.99         204.90  576.00 
547.47  486.60         204.90  576.00 
228.85  505.21         204.90  576.00 
470.57  550.70         204.90  576.00 
192.55  434.24         204.90  576.00 
440.16  519.63         204.90  576.00 
413.51  652.23         204.90  576.00 
303.81  344.17         204.90  576.00 
389.46  365.09         204.90  576.00 
419.19  438.81         204.90  576.00 
238.10  409.16         204.90  576.00 
504.49  600.00         204.90  576.00 
211.43  432.31         204.90  691.20 
298.49  557.20         204.90  691.20 
737.17  699.17         204.90  691.20 
574.19  534.41         204.90  691.20 
500.14  519.53         204.90  691.20 
793.27  574.25         204.90  691.20 
595.08  370.58         204.90  691.20 
375.71  556.47         204.90  691.20 
394.34  251.54         204.90  691.20 
587.36  507.71         204.90  691.20 
426.26  507.02         204.90  691.20 
495.92  507.15         204.90  691.20 
431.77  603.72         204.90  691.20 
171.82  249.00         204.90  691.20 
487.01  403.50         204.90  691.20 
562.86  524.91         204.90  691.20 
555.16  569.67         204.90  691.20 
546.96  326.49         204.90  691.20 
456.54  408.99         204.90  691.20 
452.31  740.12         204.90  691.20 
593.47  465.24         204.90  691.20 
410.66  571.99         204.90  691.20 
469.63  385.63         204.90  691.20 
404.50  397.32         204.90  691.20 
610.80  614.71         204.90  691.20 
638.35  566.84         204.90  691.20 
573.15  656.45         204.90  691.20 
416.64  708.37         204.90  691.20 
628.52  670.31         204.90  691.20 
855.00  601.34         204.90  691.20 
611.49  629.29         204.90  691.20 
546.64  565.23         204.90  691.20 
384.42  837.20         204.90  691.20 
606.94  557.49         204.90  691.20 
24.59  597.90         204.90  691.20 
613.92  595.28         204.90  691.20 
585.05  698.90         204.90  691.20 
606.85  579.02         204.90  691.20 
503.28  401.43         204.90  691.20 
533.74  742.14         204.90  691.20 
594.72  638.35         409.80  0.00 
354.48  567.66         409.80  0.00 
518.57  437.30         409.80  0.00 
581.45  401.16         409.80  0.00 
417.88  655.33         409.80  0.00 
533.47  428.82         409.80  0.00 
428.19  385.76         409.80  0.00 
640.19  422.23         409.80  0.00 
698.57  512.73         409.80  0.00 
336.13  567.71         409.80  0.00 
572.47  350.78         409.80  0.00 
606.76  281.96         409.80  0.00 
442.91  157.87         409.80  0.00 
749.06  463.58         409.80  0.00 
452.87  261.63         409.80  0.00 
52.88  217.72         409.80  0.00 
360.85  324.78         409.80  0.00 
490.32  86.76         409.80  0.00 
128.04  28.49         409.80  0.00 
361.73  182.66         409.80  0.00 
642.18  173.77         409.80  0.00 
222.48  23.01         409.80  0.00 
346.33  167.85         409.80  0.00 
252.39  90.23         409.80  0.00 
24.91  130.05         409.80  0.00 
316.71  228.19         409.80  0.00 
220.47  35.02         409.80  0.00 
177.61  56.09         409.80  0.00 
372.78  135.09         409.80  0.00 
218.05  76.55         409.80  0.00 
141.98  80.27         409.80  0.00 
492.20  123.30         409.80  0.00 
36.55  -107.36         409.80  0.00 
14.11  -82.33         409.80  0.00 
51.92  57.01         409.80  0.00 
425.82  52.32         409.80  0.00 
152.49  75.70         409.80  0.00 
347.85  86.05         409.80  0.00 
-135.99  45.29         409.80  0.00 
247.50  190.30         409.80  0.00 
37.19  -3.25         409.80  115.20 
345.52  199.80         409.80  115.20 
51.23  -82.49         409.80  115.20 
646.77  377.59         409.80  115.20 
276.66  157.47         409.80  115.20 
97.87  -31.27         409.80  115.20 
85.49  238.46         409.80  115.20 
29.88  -124.99         409.80  115.20 
-82.74  -64.44         409.80  115.20 
99.41  107.41         409.80  115.20 
399.93  146.52         409.80  115.20 
234.33  244.01         409.80  115.20 
61.84  97.42         409.80  115.20 
416.55  124.87         409.80  115.20 
-19.54  34.90         409.80  115.20 
207.40  51.72         409.80  115.20 
492.38  239.80         409.80  115.20 
431.38  35.01         409.80  115.20 
395.52  134.51         409.80  115.20 
376.94  274.90         409.80  115.20 
369.63  -57.13         409.80  115.20 
165.59  -3.61         409.80  115.20 
229.05  130.75         409.80  115.20 
356.12  206.63         409.80  115.20 
223.51  20.55         409.80  115.20 
243.57  214.64         409.80  115.20 
171.24  131.78         409.80  115.20 
282.42  73.25         409.80  115.20 
325.67  -15.04         409.80  115.20 
-9.65  353.58         409.80  115.20 
366.13  165.71         409.80  115.20 
538.94  113.49         409.80  115.20 
-2.75  38.81         409.80  115.20 
474.12  335.10         409.80  115.20 
361.96  130.73         409.80  115.20 
28.11  1.76         409.80  115.20 
333.03  -9.22         409.80  115.20 
167.60  -23.45         409.80  115.20 
214.42  354.18         409.80  115.20 
272.36  158.98         409.80  115.20 
312.11  321.87         409.80  230.40 
65.32  210.22         409.80  230.40 
110.26  12.24         409.80  230.40 
173.67  182.41         409.80  230.40 
14.07  2.64         409.80  230.40 
131.65  233.40         409.80  230.40 
225.46  108.24         409.80  230.40 
264.32  147.81         409.80  230.40 
287.48  257.33         409.80  230.40 
208.92  105.22         409.80  230.40 
55.19  201.45         409.80  230.40 
219.61  193.09         409.80  230.40 
115.89  226.92         409.80  230.40 
169.39  172.92         409.80  230.40 
153.02  3.97         409.80  230.40 
370.25  198.46         409.80  230.40 
193.99  123.40         409.80  230.40 
110.01  90.80         409.80  230.40 
39.65  53.89         409.80  230.40 
403.69  270.08         409.80  230.40 
419.62  52.50         409.80  230.40 
244.27  13.62         409.80  230.40 
197.02  55.15         409.80  230.40 
138.31  144.72         409.80  230.40 
224.43  125.04         409.80  230.40 
154.13  235.02         409.80  230.40 
328.87  262.08         409.80  230.40 
419.42  198.80         409.80  230.40 
306.23  127.12         409.80  230.40 
250.13  216.51         409.80  230.40 
99.61  207.05         409.80  230.40 
405.64  325.37         409.80  230.40 
246.27  142.84         409.80  230.40 
613.08  187.81         409.80  230.40 
502.19  443.66         409.80  230.40 
53.31  350.53         409.80  230.40 
137.18  67.84         409.80  230.40 
333.41  242.78         409.80  230.40 
264.95  129.45         409.80  230.40 
451.36  297.93         409.80  230.40 
-15.71  -101.26         409.80  345.60 
412.83  189.73         409.80  345.60 
624.05  216.85         409.80  345.60 
413.55  261.58         409.80  345.60 
665.73  179.22         409.80  345.60 
306.43  128.79         409.80  345.60 
364.32  287.71         409.80  345.60 
479.39  82.96         409.80  345.60 
509.96  219.95         409.80  345.60 
162.85  147.18         409.80  345.60 
464.10  309.05         409.80  345.60 
368.02  223.56         409.80  345.60 
395.67  331.02         409.80  345.60 
496.84  269.67         409.80  345.60 
385.73  357.30         409.80  345.60 
390.23  230.90         409.80  345.60 
104.42  242.21         409.80  345.60 
251.67  -62.30         409.80  345.60 
571.96  77.68         409.80  345.60 
72.18  105.47         409.80  345.60 
174.03  252.31         409.80  345.60 
572.83  353.44         409.80  345.60 
295.16  237.95         409.80  345.60 
521.00  239.74         409.80  345.60 
193.25  156.97         409.80  345.60 
238.87  188.90         409.80  345.60 
235.75  122.83         409.80  345.60 
736.99  307.68         409.80  345.60 
670.78  314.11         409.80  345.60 
296.50  345.81         409.80  345.60 
511.33  290.54         409.80  345.60 
489.61  268.46         409.80  345.60 
540.00  77.15         409.80  345.60 
315.66  348.14         409.80  345.60 
580.06  245.57         409.80  345.60 
495.53  190.85         409.80  345.60 
420.37  230.82         409.80  345.60 
510.13  395.06         409.80  345.60 
469.98  288.65         409.80  345.60 
301.46  274.98         409.80  345.60 
665.06  131.90         409.80  460.80 
300.03  289.08         409.80  460.80 
237.92  238.42         409.80  460.80 
562.38  303.85         409.80  460.80 
347.07  226.65         409.80  460.80 
322.46  257.59         409.80  460.80 
365.41  296.80         409.80  460.80 
183.28  131.51         409.80  460.80 
449.81  437.83         409.80  460.80 
486.18  285.71         409.80  460.80 
413.28  319.33         409.80  460.80 
358.18  122.08         409.80  460.80 
520.99  407.58         409.80  460.80 
381.87  430.86         409.80  460.80 
489.58  335.01         409.80  460.80 
736.99  197.65         409.80  460.80 
412.23  119.76         409.80  460.80 
301.65  106.13         409.80  460.80 
477.69  318.57         409.80  460.80 
572.04  348.54         409.80  460.80 
258.97  193.16         409.80  460.80 
281.29  169.30         409.80  460.80 
264.76  266.68         409.80  460.80 
430.93  172.96         409.80  460.80 
338.67  151.03         409.80  460.80 
175.62  274.85         409.80  460.80 
253.14  323.91         409.80  460.80 
255.43  426.24         409.80  460.80 
289.83  340.27         409.80  460.80 
338.03  561.19         409.80  460.80 
416.64  500.84         409.80  460.80 
657.26  228.88         409.80  460.80 
161.04  281.78         409.80  460.80 
467.01  320.14         409.80  460.80 
597.95  401.24         409.80  460.80 
445.14  121.98         409.80  460.80 
288.43  420.97         409.80  460.80 
463.50  429.43         409.80  460.80 
93.72  377.04         409.80  460.80 
595.84  390.34         409.80  460.80 
583.31  507.60         409.80  576.00 
402.64  239.15         409.80  576.00 
344.29  391.80         409.80  576.00 
463.81  298.96         409.80  576.00 
348.38  308.62         409.80  576.00 
390.90  462.65         409.80  576.00 
469.45  285.26         409.80  576.00 
525.02  365.09         409.80  576.00 
396.49  305.82         409.80  576.00 
361.89  447.15         409.80  576.00 
564.19  363.72         409.80  576.00 
693.19  291.74         409.80  576.00 
409.70  385.26         409.80  576.00 
396.92  432.63         409.80  576.00 
351.20  292.20         409.80  576.00 
438.48  471.66         409.80  576.00 
413.51  419.06         409.80  576.00 
412.13  330.41         409.80  576.00 
235.48  159.51         409.80  576.00 
633.30  359.81         409.80  576.00 
566.63  389.68         409.80  576.00 
493.34  358.75         409.80  576.00 
194.80  418.65         409.80  576.00 
534.68  374.30         409.80  576.00 
497.72  511.03         409.80  576.00 
560.42  295.05         409.80  576.00 
617.05  422.71         409.80  576.00 
331.18  336.24         409.80  576.00 
716.70  419.07         409.80  576.00 
563.42  278.67         409.80  576.00 
431.36  543.92         409.80  576.00 
642.28  513.65         409.80  576.00 
705.56  628.64         409.80  576.00 
692.66  429.85         409.80  576.00 
272.57  308.09         409.80  576.00 
667.47  435.93         409.80  576.00 
612.04  457.66         409.80  576.00 
665.71  323.31         409.80  576.00 
490.37  433.65         409.80  576.00 
389.12  560.85         409.80  576.00 
763.89  549.16         409.80  691.20 
727.07  512.23         409.80  691.20 
454.32  439.31         409.80  691.20 
833.26  587.30         409.80  691.20 
575.84  517.16         409.80  691.20 
638.09  496.74         409.80  691.20 
488.38  573.70         409.80  691.20 
362.84  576.14         409.80  691.20 
537.64  414.67         409.80  691.20 
526.28  438.32         409.80  691.20 
518.28  689.56         409.80  691.20 
253.63  403.72         409.80  691.20 
277.56  383.63         409.80  691.20 
634.90  581.33         409.80  691.20 
604.83  473.00         409.80  691.20 
283.72  446.78         409.80  691.20 
493.95  325.98         409.80  691.20 
604.96  600.13         409.80  691.20 
440.42  453.15         409.80  691.20 
667.60  650.57         409.80  691.20 
565.93  437.88         409.80  691.20 
410.88  346.44         409.80  691.20 
659.39  558.37         409.80  691.20 
614.46  473.96         409.80  691.20 
414.93  643.14         409.80  691.20 
404.71  519.19         409.80  691.20 
95.60  540.44         409.80  691.20 
439.85  474.42         409.80  691.20 
377.94  526.67         409.80  691.20 
639.59  509.50         409.80  691.20 
478.88  424.66         409.80  691.20 
583.15  577.02         409.80  691.20 
760.47  594.78         409.80  691.20 
695.29  639.49         409.80  691.20 
625.39  409.38         409.80  691.20 
712.75  496.78         409.80  691.20 
596.06  526.97         409.80  691.20 
804.79  473.65         409.80  691.20 
497.07  359.79         409.80  691.20 
464.01  542.51         409.80  691.20 
431.93  370.96         614.70  0.00 
571.66  558.51         614.70  0.00 
335.32  519.16         614.70  0.00 
688.25  472.80         614.70  0.00 
359.87  280.69         614.70  0.00 
513.26  645.39         614.70  0.00 
691.20  440.39         614.70  0.00 
621.65  652.60         614.70  0.00 
429.51  451.16         614.70  0.00 
458.62  417.07         614.70  0.00 
710.10  268.70         614.70  0.00 
825.29  284.14         614.70  0.00 
621.19  305.88         614.70  0.00 
792.49  94.75         614.70  0.00 
870.62  154.26         614.70  0.00 
727.50  310.75         614.70  0.00 
523.89  -32.60         614.70  0.00 
476.36  242.56         614.70  0.00 
486.89  113.58         614.70  0.00 
520.00  101.09         614.70  0.00 
126.12  -49.80         614.70  0.00 
461.25  17.56         614.70  0.00 
223.10  100.85         614.70  0.00 
78.87  357.82         614.70  0.00 
365.97  195.83         614.70  0.00 
335.72  86.57         614.70  0.00 
494.74  149.00         614.70  0.00 
208.74  31.04         614.70  0.00 
348.01  -120.12         614.70  0.00 
429.89  280.14         614.70  0.00 
361.79  137.01         614.70  0.00 
170.38  -12.81         614.70  0.00 
396.58  184.29         614.70  0.00 
308.71  55.10         614.70  0.00 
477.62  100.12         614.70  0.00 
388.39  109.58         614.70  0.00 
338.93  220.95         614.70  0.00 
511.34  194.13         614.70  0.00 
311.01  245.89         614.70  0.00 
331.59  70.72         614.70  0.00 
277.77  235.45         614.70  115.20 
314.20  241.70         614.70  115.20 
272.66  88.70         614.70  115.20 
188.07  128.01         614.70  115.20 
348.71  22.46         614.70  115.20 
383.93  221.30         614.70  115.20 
184.41  10.13         614.70  115.20 
152.28  164.92         614.70  115.20 
141.81  205.06         614.70  115.20 
572.40  377.88         614.70  115.20 
363.09  328.00         614.70  115.20 
526.36  204.58         614.70  115.20 
293.83  147.13         614.70  115.20 
253.79  49.34         614.70  115.20 
549.18  227.11         614.70  115.20 
450.97  238.31         614.70  115.20 
483.36  360.09         614.70  115.20 
356.15  298.30         614.70  115.20 
287.71  -48.17         614.70  115.20 
378.23  304.87         614.70  115.20 
521.26  174.98         614.70  115.20 
181.02  355.37         614.70  115.20 
439.07  180.41         614.70  115.20 
503.20  284.91         614.70  115.20 
513.14  335.76         614.70  115.20 
63.73  101.39         614.70  115.20 
142.07  40.36         614.70  115.20 
420.42  370.91         614.70  115.20 
425.34  203.43         614.70  115.20 
312.45  369.41         614.70  115.20 
179.93  317.19         614.70  115.20 
562.23  182.96         614.70  115.20 
402.50  265.70         614.70  115.20 
460.43  164.95         614.70  115.20 
284.09  97.74         614.70  115.20 
313.85  271.07         614.70  115.20 
333.62  148.11         614.70  115.20 
314.59  86.01         614.70  115.20 
152.38  260.35         614.70  115.20 
268.84  235.25         614.70  115.20 
515.22  270.86         614.70  230.40 
451.19  163.28         614.70  230.40 
395.62  317.37         614.70  230.40 
244.19  220.05         614.70  230.40 
464.38  201.37         614.70  230.40 
545.73  234.77         614.70  230.40 
458.60  146.64         614.70  230.40 
370.41  302.31         614.70  230.40 
492.07  401.83         614.70  230.40 
563.71  330.62         614.70  230.40 
724.90  329.06         614.70  230.40 
618.12  263.30         614.70  230.40 
450.70  182.34         614.70  230.40 
551.26  258.76         614.70  230.40 
332.62  122.42         614.70  230.40 
388.96  212.98         614.70  230.40 
279.10  406.17         614.70  230.40 
493.50  257.03         614.70  230.40 
470.59  60.55         614.70  230.40 
277.75  105.87         614.70  230.40 
239.92  204.78         614.70  230.40 
434.86  306.10         614.70  230.40 
554.15  373.19         614.70  230.40 
581.35  451.30         614.70  230.40 
537.26  254.49         614.70  230.40 
479.16  336.11         614.70  230.40 
521.84  137.37         614.70  230.40 
559.31  257.23         614.70  230.40 
290.29  199.67         614.70  230.40 
759.97  383.25         614.70  230.40 
621.57  283.26         614.70  230.40 
186.90  161.28         614.70  230.40 
355.25  179.71         614.70  230.40 
615.70  251.27         614.70  230.40 
292.85  163.00         614.70  230.40 
311.97  64.94         614.70  230.40 
732.90  195.80         614.70  230.40 
392.55  116.47         614.70  230.40 
278.58  93.49         614.70  230.40 
379.73  242.99         614.70  230.40 
541.99  317.33         614.70  345.60 
383.38  154.84         614.70  345.60 
336.50  149.54         614.70  345.60 
190.87  363.74         614.70  345.60 
644.06  236.05         614.70  345.60 
559.13  278.01         614.70  345.60 
423.29  355.20         614.70  345.60 
450.36  376.05         614.70  345.60 
269.19  203.84         614.70  345.60 
256.22  75.51         614.70  345.60 
695.07  289.80         614.70  345.60 
376.04  60.34         614.70  345.60 
639.99  341.82         614.70  345.60 
361.52  109.28         614.70  345.60 
748.10  265.99         614.70  345.60 
536.53  236.43         614.70  345.60 
355.55  167.50         614.70  345.60 
527.54  197.02         614.70  345.60 
198.99  314.75         614.70  345.60 
415.60  117.25         614.70  345.60 
328.54  77.36         614.70  345.60 
324.53  344.78         614.70  345.60 
497.82  333.60         614.70  345.60 
433.65  165.62         614.70  345.60 
422.90  409.46         614.70  345.60 
503.38  202.98         614.70  345.60 
746.20  234.96         614.70  345.60 
318.63  449.45         614.70  345.60 
280.95  350.40         614.70  345.60 
277.19  219.88         614.70  345.60 
489.35  37.21         614.70  345.60 
601.43  108.44         614.70  345.60 
484.19  245.62         614.70  345.60 
645.66  345.74         614.70  345.60 
711.41  339.53         614.70  345.60 
715.48  386.11         614.70  345.60 
403.29  276.36         614.70  345.60 
349.23  251.92         614.70  345.60 
308.79  217.18         614.70  345.60 
206.56  226.81         614.70  345.60 
263.08  198.12         614.70  460.80 
367.35  256.03         614.70  460.80 
388.91  177.56         614.70  460.80 
421.71  331.10         614.70  460.80 
325.31  442.02         614.70  460.80 
441.62  255.77         614.70  460.80 
85.08  244.21         614.70  460.80 
387.50  259.91         614.70  460.80 
221.70  67.04         614.70  460.80 
611.11  377.76         614.70  460.80 
44.14  279.10         614.70  460.80 
471.90  386.94         614.70  460.80 
494.17  390.43         614.70  460.80 
454.26  372.16         614.70  460.80 
158.11  268.27         614.70  460.80 
695.77  418.83         614.70  460.80 
716.23  478.12         614.70  460.80 
338.67  263.54         614.70  460.80 
432.71  333.60         614.70  460.80 
298.61  246.83         614.70  460.80 
371.05  186.96         614.70  460.80 
535.69  136.73         614.70  460.80 
787.90  309.97         614.70  460.80 
480.58  270.93         614.70  460.80 
608.26  450.98         614.70  460.80 
379.99  372.39         614.70  460.80 
591.54  282.04         614.70  460.80 
302.45  464.53         614.70  460.80 
669.49  454.13         614.70  460.80 
616.45  320.48         614.70  460.80 
516.62  420.40         614.70  460.80 
910.00  495.26         614.70  460.80 
421.04  359.23         614.70  460.80 
726.30  521.15         614.70  460.80 
734.54  398.95         614.70  460.80 
729.68  449.78         614.70  460.80 
399.80  398.28         614.70  460.80 
693.86  204.05         614.70  460.80 
522.12  287.01         614.70  460.80 
217.94  209.78         614.70  460.80 
413.21  498.10         614.70  576.00 
587.76  501.88         614.70  576.00 
637.92  392.07         614.70  576.00 
823.07  255.15         614.70  576.00 
611.24  415.66         614.70  576.00 
461.68  494.68         614.70  576.00 
535.93  620.26         614.70  576.00 
780.55  420.50         614.70  576.00 
714.03  448.65         614.70  576.00 
462.41  471.95         614.70  576.00 
581.12  417.26         614.70  576.00 
896.43  355.46         614.70  576.00 
499.65  273.55         614.70  576.00 
637.48  261.11         614.70  576.00 
684.93  743.60         614.70  576.00 
675.10  317.25         614.70  576.00 
498.56  287.34         614.70  576.00 
807.53  321.92         614.70  576.00 
570.11  269.04         614.70  576.00 
747.36  397.32         614.70  576.00 
588.20  501.41         614.70  576.00 
771.59  477.80         614.70  576.00 
826.79  242.10         614.70  576.00 
582.10  502.56         614.70  576.00 
461.02  485.92         614.70  576.00 
309.08  427.28         614.70  576.00 
912.16  577.25         614.70  576.00 
563.71  617.98         614.70  576.00 
635.28  592.58         614.70  576.00 
703.59  523.96         614.70  576.00 
692.54  355.58         614.70  576.00 
444.61  444.03         614.70  576.00 
262.40  338.01         614.70  576.00 
546.27  616.01         614.70  576.00 
650.75  623.06         614.70  576.00 
500.16  436.19         614.70  576.00 
875.80  537.28         614.70  576.00 
254.26  335.19         614.70  576.00 
502.56  469.10         614.70  576.00 
811.21  488.16         614.70  576.00 
374.70  340.64         614.70  691.20 
844.23  705.91         614.70  691.20 
564.01  567.84         614.70  691.20 
467.50  679.11         614.70  691.20 
474.75  432.64         614.70  691.20 
702.37  581.06         614.70  691.20 
643.56  618.68         614.70  691.20 
430.30  480.13         614.70  691.20 
370.39  226.01         614.70  691.20 
584.55  410.80         614.70  691.20 
432.27  375.08         614.70  691.20 
549.47  491.16         614.70  691.20 
532.02  591.97         614.70  691.20 
561.90  432.97         614.70  691.20 
547.83  365.11         614.70  691.20 
649.97  503.22         614.70  691.20 
433.54  423.60         614.70  691.20 
653.44  626.68         614.70  691.20 
487.46  587.09         614.70  691.20 
810.78  400.51         614.70  691.20 
452.49  348.39         614.70  691.20 
584.84  565.01         614.70  691.20 
657.76  421.34         614.70  691.20 
621.32  565.32         614.70  691.20 
601.76  641.09         614.70  691.20 
367.24  578.33         614.70  691.20 
637.74  440.22         614.70  691.20 
643.54  475.35         614.70  691.20 
731.09  555.10         614.70  691.20 
567.18  380.04         614.70  691.20 
335.83  348.47         614.70  691.20 
495.84  525.54         614.70  691.20 
771.45  424.95         614.70  691.20 
300.97  324.52         614.70  691.20 
397.95  443.08         614.70  691.20 
540.46  606.87         614.70  691.20 
780.99  578.77         614.70  691.20 
596.95  347.08         614.70  691.20 
433.42  324.35         614.70  691.20 
878.77  665.50         614.70  691.20 
599.34  377.63         819.60  0.00 
982.98  552.60         819.60  0.00 
417.12  560.85         819.60  0.00 
644.70  521.29         819.60  0.00 
495.58  569.32         819.60  0.00 
423.89  499.14         819.60  0.00 
511.08  423.13         819.60  0.00 
242.06  517.56         819.60  0.00 
561.25  638.60         819.60  0.00 
722.36  370.49         819.60  0.00 
653.15  432.44         819.60  0.00 
483.11  497.00         819.60  0.00 
864.61  734.84         819.60  0.00 
810.94  497.05         819.60  0.00 
834.78  473.68         819.60  0.00 
860.37  566.17         819.60  0.00 
1090.15  726.01         819.60  0.00 
685.76  398.06         819.60  0.00 
573.66  169.27         819.60  0.00 
514.95  19.20         819.60  0.00 
425.89  115.45         819.60  0.00 
431.56  246.18         819.60  0.00 
357.11  -4.33         819.60  0.00 
444.03  125.54         819.60  0.00 
279.06  -41.25         819.60  0.00 
129.66  8.71         819.60  0.00 
263.96  270.96         819.60  0.00 
267.90  3.08         819.60  0.00 
241.94  -15.49         819.60  0.00 
358.25  57.47         819.60  0.00 
389.50  125.32         819.60  0.00 
440.25  -148.16         819.60  0.00 
429.32  41.12         819.60  0.00 
246.14  8.83         819.60  0.00 
195.33  9.06         819.60  0.00 
575.00  -1.85         819.60  0.00 
44.06  -121.56         819.60  0.00 
52.52  34.43         819.60  0.00 
151.17  -30.01         819.60  0.00 
93.30  -100.48         819.60  0.00 
181.81  -135.10         819.60  115.20 
236.35  -24.72         819.60  115.20 
241.78  111.73         819.60  115.20 
541.77  -58.67         819.60  115.20 
75.49  -44.83         819.60  115.20 
384.52  14.14         819.60  115.20 
346.19  -3.27         819.60  115.20 
540.07  56.88         819.60  115.20 
487.51  170.09         819.60  115.20 
78.19  -73.73         819.60  115.20 
-135.69  -72.99         819.60  115.20 
112.03  -15.06         819.60  115.20 
81.50  -71.12         819.60  115.20 
483.76  -134.17         819.60  115.20 
31.73  -134.87         819.60  115.20 
391.32  245.16         819.60  115.20 
257.04  -37.05         819.60  115.20 
202.29  -132.40         819.60  115.20 
235.21  110.37         819.60  115.20 
233.47  95.06         819.60  115.20 
414.94  50.52         819.60  115.20 
83.72  -54.63         819.60  115.20 
360.09  16.02         819.60  115.20 
160.80  -6.65         819.60  115.20 
117.43  76.30         819.60  115.20 
239.44  -68.12         819.60  115.20 
481.94  113.12         819.60  115.20 
630.66  230.48         819.60  115.20 
379.04  118.35         819.60  115.20 
363.93  125.66         819.60  115.20 
168.26  13.16         819.60  115.20 
441.84  183.83         819.60  115.20 
113.47  38.57         819.60  115.20 
369.49  60.31         819.60  115.20 
361.72  258.73         819.60  115.20 
334.93  149.39         819.60  115.20 
383.13  -56.68         819.60  115.20 
450.55  59.86         819.60  115.20 
440.73  147.39         819.60  115.20 
572.43  -34.41         819.60  115.20 
390.86  274.21         819.60  230.40 
278.46  -46.03         819.60  230.40 
541.83  -92.32         819.60  230.40 
380.90  131.21         819.60  230.40 
544.89  223.85         819.60  230.40 
505.13  161.94         819.60  230.40 
578.37  154.69         819.60  230.40 
515.85  -64.67         819.60  230.40 
297.14  23.96         819.60  230.40 
320.14  -40.00         819.60  230.40 
523.89  114.60         819.60  230.40 
438.31  75.04         819.60  230.40 
582.03  198.87         819.60  230.40 
853.63  121.21         819.60  230.40 
492.21  116.91         819.60  230.40 
750.50  85.99         819.60  230.40 
490.61  261.00         819.60  230.40 
735.74  208.33         819.60  230.40 
328.85  94.34         819.60  230.40 
610.58  294.27         819.60  230.40 
765.51  218.35         819.60  230.40 
540.23  239.16         819.60  230.40 
493.07  121.74         819.60  230.40 
654.01  203.96         819.60  230.40 
509.68  297.82         819.60  230.40 
623.66  314.31         819.60  230.40 
570.94  203.27         819.60  230.40 
383.80  136.68         819.60  230.40 
658.74  203.18         819.60  230.40 
446.52  51.35         819.60  230.40 
702.64  152.22         819.60  230.40 
448.21  46.72         819.60  230.40 
556.24  166.50         819.60  230.40 
339.40  82.54         819.60  230.40 
771.27  119.06         819.60  230.40 
591.66  356.45         819.60  230.40 
530.84  128.66         819.60  230.40 
631.63  157.75         819.60  230.40 
742.90  136.61         819.60  230.40 
700.58  279.86         819.60  230.40 
586.00  122.29         819.60  345.60 
642.57  166.38         819.60  345.60 
499.35  259.46         819.60  345.60 
342.71  105.44         819.60  345.60 
451.04  211.09         819.60  345.60 
534.14  68.98         819.60  345.60 
881.85  416.68         819.60  345.60 
718.83  -40.28         819.60  345.60 
736.22  292.75         819.60  345.60 
355.04  272.12         819.60  345.60 
996.62  265.48         819.60  345.60 
884.97  296.05         819.60  345.60 
950.57  256.45         819.60  345.60 
1010.70  59.01         819.60  345.60 
928.96  244.25         819.60  345.60 
783.40  84.14         819.60  345.60 
697.44  269.01         819.60  345.60 
874.29  449.28         819.60  345.60 
950.90  422.16         819.60  345.60 
1131.41  320.82         819.60  345.60 
934.09  178.71         819.60  345.60 
918.27  198.14         819.60  345.60 
943.84  463.26         819.60  345.60 
821.58  -83.42         819.60  345.60 
592.92  82.39         819.60  345.60 
814.47  279.87         819.60  345.60 
1028.69  299.39         819.60  345.60 
737.69  102.12         819.60  345.60 
420.08  226.70         819.60  345.60 
804.85  285.17         819.60  345.60 
715.83  339.74         819.60  345.60 
506.08  284.52         819.60  345.60 
651.48  199.83         819.60  345.60 
894.06  430.71         819.60  345.60 
609.46  519.84         819.60  345.60 
685.66  346.24         819.60  345.60 
821.59  282.28         819.60  345.60 
507.99  406.97         819.60  345.60 
850.14  345.58         819.60  345.60 
603.33  210.99         819.60  345.60 
704.42  384.89         819.60  460.80 
704.33  326.29         819.60  460.80 
838.21  404.76         819.60  460.80 
721.59  504.26         819.60  460.80 
698.62  292.45         819.60  460.80 
730.76  331.25         819.60  460.80 
750.67  351.60         819.60  460.80 
538.09  235.66         819.60  460.80 
729.70  94.54         819.60  460.80 
548.41  -24.98         819.60  460.80 
679.03  223.71         819.60  460.80 
498.48  89.92         819.60  460.80 
578.76  105.14         819.60  460.80 
536.53  377.23         819.60  460.80 
467.81  398.29         819.60  460.80 
559.03  274.29         819.60  460.80 
539.62  389.31         819.60  460.80 
404.82  211.94         819.60  460.80 
471.59  234.64         819.60  460.80 
469.41  323.20         819.60  460.80 
604.51  142.44         819.60  460.80 
1072.62  524.73         819.60  460.80 
662.42  278.62         819.60  460.80 
1020.78  353.30         819.60  460.80 
829.71  193.62         819.60  460.80 
833.51  144.32         819.60  460.80 
1059.30  389.61         819.60  460.80 
712.78  201.20         819.60  460.80 
942.74  468.54         819.60  460.80 
775.16  289.29         819.60  460.80 
845.48  427.17         819.60  460.80 
822.89  377.65         819.60  460.80 
1028.28  316.07         819.60  460.80 
904.66  5.59         819.60  460.80 
1002.81  529.09         819.60  460.80 
674.93  493.39         819.60  460.80 
769.62  267.95         819.60  460.80 
1084.39  375.99         819.60  460.80 
613.89  251.81         819.60  460.80 
694.32  501.69         819.60  460.80 
1259.65  532.02         819.60  576.00 
583.41  357.65         819.60  576.00 
930.83  275.63         819.60  576.00 
598.39  338.03         819.60  576.00 
622.05  219.99         819.60  576.00 
671.91  410.56         819.60  576.00 
592.02  376.10         819.60  576.00 
1084.88  442.60         819.60  576.00 
890.14  212.21         819.60  576.00 
539.24  322.89         819.60  576.00 
877.49  539.31         819.60  576.00 
800.56  165.95         819.60  576.00 
597.70  334.85         819.60  576.00 
799.96  481.77         819.60  576.00 
491.28  415.08         819.60  576.00 
455.16  357.79         819.60  576.00 
697.24  98.96         819.60  576.00 
887.20  443.82         819.60  576.00 
486.18  358.18         819.60  576.00 
641.08  200.86         819.60  576.00 
568.83  285.68         819.60  576.00 
738.46  264.43         819.60  576.00 
574.12  303.04         819.60  576.00 
678.10  220.12         819.60  576.00 
660.83  262.79         819.60  576.00 
799.67  547.52         819.60  576.00 
558.53  302.94         819.60  576.00 
658.35  492.61         819.60  576.00 
726.04  426.04         819.60  576.00 
558.07  395.11         819.60  576.00 
684.11  297.05         819.60  576.00 
965.84  323.54         819.60  576.00 
447.83  214.19         819.60  576.00 
668.32  316.19         819.60  576.00 
912.90  406.58         819.60  576.00 
684.91  516.14         819.60  576.00 
474.81  504.35         819.60  576.00 
626.61  242.83         819.60  576.00 
556.36  557.87         819.60  576.00 
737.72  252.99         819.60  576.00 
434.52  454.72         819.60  691.20 
813.80  385.48         819.60  691.20 
771.04  625.09         819.60  691.20 
741.44  574.05         819.60  691.20 
707.68  453.33         819.60  691.20 
552.76  465.11         819.60  691.20 
270.02  253.58         819.60  691.20 
675.96  451.88         819.60  691.20 
690.64  446.76         819.60  691.20 
606.00  396.75         819.60  691.20 
669.89  454.79         819.60  691.20 
1110.52  574.65         819.60  691.20 
435.05  578.03         819.60  691.20 
604.96  516.53         819.60  691.20 
917.57  436.19         819.60  691.20 
709.18  298.29         819.60  691.20 
720.33  559.10         819.60  691.20 
730.04  502.08         819.60  691.20 
445.99  250.64         819.60  691.20 
553.64  191.98         819.60  691.20 
701.24  482.70         819.60  691.20 
813.47  431.30         819.60  691.20 
687.66  356.92         819.60  691.20 
613.85  230.24         819.60  691.20 
848.04  411.33         819.60  691.20 
629.32  519.08         819.60  691.20 
697.75  485.36         819.60  691.20 
612.71  426.81         819.60  691.20 
418.24  430.50         819.60  691.20 
427.47  303.78         819.60  691.20 
605.05  383.36         819.60  691.20 
839.04  596.06         819.60  691.20 
825.01  689.33         819.60  691.20 
767.59  432.48         819.60  691.20 
643.49  204.10         819.60  691.20 
536.79  300.57         819.60  691.20 
483.17  570.86         819.60  691.20 
636.16  580.47         819.60  691.20 
643.05  666.81         819.60  691.20 
1052.86  532.43         819.60  691.20 
743.60  559.61         1024.50  0.00 
604.03  554.58         1024.50  0.00 
731.39  497.62         1024.50  0.00 
917.22  386.48         1024.50  0.00 
994.31  681.89         1024.50  0.00 
1026.34  530.37         1024.50  0.00 
932.33  622.17         1024.50  0.00 
747.99  499.90         1024.50  0.00 
733.86  527.67         1024.50  0.00 
979.14  535.41         1024.50  0.00 
949.16  577.60         1024.50  0.00 
768.75  461.35         1024.50  0.00 
988.69  579.82         1024.50  0.00 
930.81  656.83         1024.50  0.00 
915.23  685.65         1024.50  0.00 
931.17  580.12         1024.50  0.00 
926.08  449.52         1024.50  0.00 
1277.41  338.29         1024.50  0.00 
1055.24  428.87         1024.50  0.00 
1019.53  399.49         1024.50  0.00 
803.45  255.38         1024.50  0.00 
800.27  186.61         1024.50  0.00 
691.81  166.50         1024.50  0.00 
846.74  258.77         1024.50  0.00 
629.57  25.51         1024.50  0.00 
584.25  199.36         1024.50  0.00 
878.98  197.36         1024.50  0.00 
700.10  142.15         1024.50  0.00 
505.71  165.30         1024.50  0.00 
932.97  176.31         1024.50  0.00 
315.74  -72.08         1024.50  0.00 
606.74  -82.15         1024.50  0.00 
791.28  78.47         1024.50  0.00 
529.89  -290.34         1024.50  0.00 
621.04  150.96         1024.50  0.00 
478.81  210.14         1024.50  0.00 
753.85  -72.64         1024.50  0.00 
562.58  287.37         1024.50  0.00 
834.26  163.91         1024.50  0.00 
630.04  160.47         1024.50  0.00 
682.95  224.77         1024.50  115.20 
603.26  202.76         1024.50  115.20 
642.98  -17.84         1024.50  115.20 
657.74  191.54         1024.50  115.20 
749.65  150.29         1024.50  115.20 
852.16  150.13         1024.50  115.20 
632.00  176.89         1024.50  115.20 
361.69  -37.87         1024.50  115.20 
412.09  102.22         1024.50  115.20 
665.12  171.16         1024.50  115.20 
597.30  35.69         1024.50  115.20 
657.67  36.16         1024.50  115.20 
551.65  -40.47         1024.50  115.20 
702.32  -40.39         1024.50  115.20 
933.17  -115.50         1024.50  115.20 
577.53  85.01         1024.50  115.20 
552.77  158.68         1024.50  115.20 
737.46  184.30         1024.50  115.20 
589.36  128.89         1024.50  115.20 
874.78  210.96         1024.50  115.20 
1077.00  200.68         1024.50  115.20 
739.10  89.92         1024.50  115.20 
614.81  269.72         1024.50  115.20 
833.92  231.10         1024.50  115.20 
551.42  416.69         1024.50  115.20 
762.28  523.68         1024.50  115.20 
1197.38  690.89         1024.50  115.20 
1014.59  625.89         1024.50  115.20 
1151.50  429.73         1024.50  115.20 
1008.94  280.67         1024.50  115.20 
742.99  419.82         1024.50  115.20 
1205.72  426.00         1024.50  115.20 
930.61  456.29         1024.50  115.20 
868.59  136.39         1024.50  115.20 
760.84  105.47         1024.50  115.20 
669.59  266.15         1024.50  115.20 
771.55  39.70         1024.50  115.20 
751.27  271.30         1024.50  115.20 
733.09  -69.27         1024.50  115.20 
710.58  76.97         1024.50  115.20 
697.30  211.50         1024.50  230.40 
819.88  204.09         1024.50  230.40 
799.04  216.37         1024.50  230.40 
758.98  232.50         1024.50  230.40 
966.62  244.58         1024.50  230.40 
818.91  -7.42         1024.50  230.40 
825.05  176.93         1024.50  230.40 
888.37  477.10         1024.50  230.40 
561.07  132.70         1024.50  230.40 
799.25  110.59         1024.50  230.40 
665.53  77.67         1024.50  230.40 
525.74  297.55         1024.50  230.40 
1062.57  85.41         1024.50  230.40 
682.86  256.62         1024.50  230.40 
974.94  145.49         1024.50  230.40 
883.75  195.00         1024.50  230.40 
884.82  70.36         1024.50  230.40 
732.76  176.63         1024.50  230.40 
1004.64  222.03         1024.50  230.40 
403.14  52.01         1024.50  230.40 
789.78  271.60         1024.50  230.40 
623.60  303.19         1024.50  230.40 
835.07  455.71         1024.50  230.40 
605.77  231.78         1024.50  230.40 
980.07  310.04         1024.50  230.40 
640.90  216.03         1024.50  230.40 
499.24  -27.92         1024.50  230.40 
834.42  310.36         1024.50  230.40 
1026.40  411.89         1024.50  230.40 
759.35  166.81         1024.50  230.40 
961.45  329.01         1024.50  230.40 
870.18  211.29         1024.50  230.40 
1096.11  343.97         1024.50  230.40 
714.38  353.55         1024.50  230.40 
790.36  427.50         1024.50  230.40 
814.69  168.53         1024.50  230.40 
678.94  370.05         1024.50  230.40 
807.10  141.19         1024.50  230.40 
827.30  277.50         1024.50  230.40 
669.48  296.64         1024.50  230.40 
826.66  381.74         1024.50  345.60 
571.94  229.04         1024.50  345.60 
1042.56  -72.00         1024.50  345.60 
662.64  360.07         1024.50  345.60 
760.91  307.86         1024.50  345.60 
1129.80  321.37         1024.50  345.60 
836.66  258.70         1024.50  345.60 
1010.65  366.69         1024.50  345.60 
742.62  228.68         1024.50  345.60 
726.00  330.58         1024.50  345.60 
692.12  276.80         1024.50  345.60 
861.20  336.27         1024.50  345.60 
698.54  -6.59         1024.50  345.60 
961.50  297.69         1024.50  345.60 
639.67  222.11         1024.50  345.60 
863.60  206.83         1024.50  345.60 
908.55  246.86         1024.50  345.60 
967.28  530.82         1024.50  345.60 
770.35  486.16         1024.50  345.60 
565.47  75.06         1024.50  345.60 
811.72  229.04         1024.50  345.60 
882.45  227.13         1024.50  345.60 
881.66  283.11         1024.50  345.60 
1014.54  495.24         1024.50  345.60 
840.49  456.09         1024.50  345.60 
804.74  396.52         1024.50  345.60 
937.45  316.08         1024.50  345.60 
865.73  215.00         1024.50  345.60 
1079.01  207.33         1024.50  345.60 
932.39  248.46         1024.50  345.60 
955.28  117.28         1024.50  345.60 
1008.58  337.31         1024.50  345.60 
538.93  59.68         1024.50  345.60 
998.40  445.63         1024.50  345.60 
1106.26  426.45         1024.50  345.60 
971.43  376.99         1024.50  345.60 
904.69  689.77         1024.50  345.60 
751.54  476.50         1024.50  345.60 
779.82  173.60         1024.50  345.60 
962.20  500.75         1024.50  345.60 
878.58  288.61         1024.50  460.80 
889.46  427.64         1024.50  460.80 
794.48  304.57         1024.50  460.80 
934.62  233.48         1024.50  460.80 
965.02  391.22         1024.50  460.80 
1176.22  378.14         1024.50  460.80 
1078.89  291.27         1024.50  460.80 
736.67  230.04         1024.50  460.80 
1132.34  492.58         1024.50  460.80 
975.29  493.36         1024.50  460.80 
1092.04  385.55         1024.50  460.80 
965.21  417.59         1024.50  460.80 
923.64  325.70         1024.50  460.80 
1076.51  472.33         1024.50  460.80 
862.45  559.54         1024.50  460.80 
946.36  496.54         1024.50  460.80 
1077.79  339.22         1024.50  460.80 
895.69  453.81         1024.50  460.80 
941.45  399.00         1024.50  460.80 
1017.52  398.86         1024.50  460.80 
1051.82  402.23         1024.50  460.80 
760.12  420.23         1024.50  460.80 
1149.93  523.61         1024.50  460.80 
997.12  443.53         1024.50  460.80 
1087.14  666.89         1024.50  460.80 
1172.41  565.86         1024.50  460.80 
705.10  404.72         1024.50  460.80 
1083.29  437.99         1024.50  460.80 
831.93  392.54         1024.50  460.80 
942.47  443.80         1024.50  460.80 
1060.96  497.56         1024.50  460.80 
823.30  637.18         1024.50  460.80 
1044.04  420.66         1024.50  460.80 
896.93  494.63         1024.50  460.80 
828.57  429.88         1024.50  460.80 
1113.05  511.82         1024.50  460.80 
1218.51  346.25         1024.50  460.80 
1095.33  460.28         1024.50  460.80 
992.45  467.24         1024.50  460.80 
942.60  519.46         1024.50  460.80 
1185.04  508.20         1024.50  576.00 
1056.97  572.53         1024.50  576.00 
1051.14  436.35         1024.50  576.00 
935.41  417.91         1024.50  576.00 
764.96  273.47         1024.50  576.00 
1131.48  745.37         1024.50  576.00 
911.28  635.12         1024.50  576.00 
1080.88  404.48         1024.50  576.00 
1174.15  695.32         1024.50  576.00 
959.97  559.21         1024.50  576.00 
1122.06  540.40         1024.50  576.00 
1134.34  344.26         1024.50  576.00 
969.14  405.77         1024.50  576.00 
756.21  572.23         1024.50  576.00 
964.02  588.95         1024.50  576.00 
1058.31  474.60         1024.50  576.00 
700.50  640.48         1024.50  576.00 
1118.92  638.42         1024.50  576.00 
1250.86  700.39         1024.50  576.00 
888.28  542.48         1024.50  576.00 
960.59  506.40         1024.50  576.00 
910.08  752.78         1024.50  576.00 
852.30  526.21         1024.50  576.00 
1102.00  423.72         1024.50  576.00 
1132.17  392.40         1024.50  576.00 
1212.11  652.22         1024.50  576.00 
1288.46  640.62         1024.50  576.00 
1006.22  591.18         1024.50  576.00 
986.99  646.88         1024.50  576.00 
663.99  586.86         1024.50  576.00 
1173.17  644.72         1024.50  576.00 
830.16  670.15         1024.50  576.00 
1104.08  607.31         1024.50  576.00 
1194.48  606.07         1024.50  576.00 
967.23  556.19         1024.50  576.00 
1095.32  815.16         1024.50  576.00 
888.17  619.28         1024.50  576.00 
653.49  419.37         1024.50  576.00 
754.94  621.28         1024.50  576.00 
954.74  585.07         1024.50  576.00 
966.57  691.51         1024.50  691.20 
989.65  733.96         1024.50  691.20 
818.32  537.72         1024.50  691.20 
900.52  539.62         1024.50  691.20 
949.93  654.20         1024.50  691.20 
836.33  565.17         1024.50  691.20 
768.75  336.62         1024.50  691.20 
998.27  567.40         1024.50  691.20 
1104.05  678.93         1024.50  691.20 
990.81  587.75         1024.50  691.20 
988.60  635.86         1024.50  691.20 
1066.81  476.67         1024.50  691.20 
902.66  415.61         1024.50  691.20 
820.73  492.68         1024.50  691.20 
1059.83  630.52         1024.50  691.20 
835.58  559.76         1024.50  691.20 
1128.13  652.12         1024.50  691.20 
1066.04  710.03         1024.50  691.20 
680.48  357.21         1024.50  691.20 
987.76  615.78         1024.50  691.20 
1058.61  722.65         1024.50  691.20 
1374.34  709.91         1024.50  691.20 
1107.88  709.86         1024.50  691.20 
969.24  784.56         1024.50  691.20 
914.30  533.93         1024.50  691.20 
768.99  464.85         1024.50  691.20 
1073.84  577.17         1024.50  691.20 
875.06  524.97         1024.50  691.20 
820.89  737.12         1024.50  691.20 
768.15  740.32         1024.50  691.20 
1027.71  688.45         1024.50  691.20 
1016.20  639.44         1024.50  691.20 
823.09  686.00         1024.50  691.20 
1307.08  645.89         1024.50  691.20 
945.79  740.54         1024.50  691.20 
1284.62  639.91         1024.50  691.20 
1106.12  618.33         1024.50  691.20 
1062.32  742.21         1024.50  691.20 
961.46  596.17         1024.50  691.20 
873.69  434.19         1024.50  691.20 
1014.85  621.11         1229.40  0.00 
1042.94  741.60         1229.40  0.00 
1004.24  708.35         1229.40  0.00 
860.88  606.84         1229.40  0.00 
931.07  667.54         1229.40  0.00 
1112.95  820.73         1229.40  0.00 
1165.30  663.10         1229.40  0.00 
774.19  562.47         1229.40  0.00 
1063.85  558.83         1229.40  0.00 
1181.52  771.65         1229.40  0.00 
931.71  726.52         1229.40  0.00 
988.77  574.70         1229.40  0.00 
1095.90  512.17         1229.40  0.00 
1381.10  593.70         1229.40  0.00 
1356.33  454.25         1229.40  0.00 
1349.76  274.53         1229.40  0.00 
991.93  157.22         1229.40  0.00 
968.66  249.50         1229.40  0.00 
1037.91  220.21         1229.40  0.00 
823.42  230.72         1229.40  0.00 
931.12  47.87         1229.40  0.00 
1135.66  88.43         1229.40  0.00 
1071.44  209.16         1229.40  0.00 
1140.57  211.29         1229.40  0.00 
805.44  95.10         1229.40  0.00 
727.72  5.67         1229.40  0.00 
764.47  187.86         1229.40  0.00 
927.37  173.98         1229.40  0.00 
587.75  150.33         1229.40  0.00 
875.88  57.87         1229.40  0.00 
649.58  208.38         1229.40  0.00 
929.90  371.82         1229.40  0.00 
714.85  60.84         1229.40  0.00 
945.25  199.40         1229.40  0.00 
585.37  -123.83         1229.40  0.00 
981.76  116.25         1229.40  0.00 
952.66  94.38         1229.40  0.00 
884.98  126.00         1229.40  0.00 
546.74  -61.54         1229.40  0.00 
769.95  118.83         1229.40  0.00 
915.69  269.38         1229.40  115.20 
828.42  108.66         1229.40  115.20 
862.60  312.87         1229.40  115.20 
783.45  69.74         1229.40  115.20 
817.03  75.34         1229.40  115.20 
821.02  52.30         1229.40  115.20 
910.06  -97.21         1229.40  115.20 
976.92  170.97         1229.40  115.20 
1148.41  511.07         1229.40  115.20 
1058.86  391.87         1229.40  115.20 
898.92  345.05         1229.40  115.20 
1371.58  377.03         1229.40  115.20 
1023.83  152.08         1229.40  115.20 
820.09  203.49         1229.40  115.20 
905.33  289.81         1229.40  115.20 
1124.28  441.13         1229.40  115.20 
1017.11  -45.79         1229.40  115.20 
967.83  267.97         1229.40  115.20 
941.51  121.88         1229.40  115.20 
771.16  241.36         1229.40  115.20 
1159.96  293.94         1229.40  115.20 
870.15  288.67         1229.40  115.20 
990.23  345.75         1229.40  115.20 
1125.23  130.00         1229.40  115.20 
872.53  241.11         1229.40  115.20 
671.56  105.52         1229.40  115.20 
273.38  81.82         1229.40  115.20 
1011.27  55.43         1229.40  115.20 
739.40  43.45         1229.40  115.20 
460.77  14.70         1229.40  115.20 
814.03  142.38         1229.40  115.20 
894.57  198.99         1229.40  115.20 
733.36  145.17         1229.40  115.20 
1038.77  305.72         1229.40  115.20 
929.37  194.18         1229.40  115.20 
753.19  237.43         1229.40  115.20 
661.10  51.14         1229.40  115.20 
892.15  250.58         1229.40  115.20 
918.01  306.46         1229.40  115.20 
716.45  229.64         1229.40  115.20 
646.04  39.69         1229.40  230.40 
531.04  119.34         1229.40  230.40 
915.58  21.29         1229.40  230.40 
776.62  110.28         1229.40  230.40 
929.19  30.52         1229.40  230.40 
971.49  173.07         1229.40  230.40 
657.11  27.77         1229.40  230.40 
774.52  155.82         1229.40  230.40 
822.02  398.21         1229.40  230.40 
929.71  101.15         1229.40  230.40 
754.66  310.20         1229.40  230.40 
957.85  152.01         1229.40  230.40 
1081.11  175.19         1229.40  230.40 
826.32  7.77         1229.40  230.40 
758.80  -62.85         1229.40  230.40 
1094.17  325.41         1229.40  230.40 
853.87  202.90         1229.40  230.40 
909.07  75.08         1229.40  230.40 
787.17  246.57         1229.40  230.40 
1000.32  67.42         1229.40  230.40 
859.23  95.74         1229.40  230.40 
791.80  -11.19         1229.40  230.40 
848.22  285.26         1229.40  230.40 
954.65  266.77         1229.40  230.40 
797.80  291.85         1229.40  230.40 
869.34  42.53         1229.40  230.40 
609.21  188.27         1229.40  230.40 
923.20  196.71         1229.40  230.40 
951.50  178.62         1229.40  230.40 
706.83  196.11         1229.40  230.40 
896.79  273.84         1229.40  230.40 
820.60  331.67         1229.40  230.40 
1058.75  57.50         1229.40  230.40 
826.85  101.44         1229.40  230.40 
944.25  205.69         1229.40  230.40 
790.42  396.23         1229.40  230.40 
979.70  283.54         1229.40  230.40 
1049.54  175.65         1229.40  230.40 
708.01  259.00         1229.40  230.40 
740.87  187.51         1229.40  230.40 
988.60  -52.14         1229.40  345.60 
806.65  405.67         1229.40  345.60 
916.38  233.65         1229.40  345.60 
1115.02  304.58         1229.40  345.60 
1007.02  611.91         1229.40  345.60 
1020.00  278.49         1229.40  345.60 
1199.12  564.04         1229.40  345.60 
831.51  183.57         1229.40  345.60 
1020.14  246.20         1229.40  345.60 
1126.72  360.88         1229.40  345.60 
1211.80  461.67         1229.40  345.60 
834.65  553.95         1229.40  345.60 
687.71  316.66         1229.40  345.60 
943.25  225.35         1229.40  345.60 
1049.21  283.32         1229.40  345.60 
920.46  247.61         1229.40  345.60 
962.47  212.06         1229.40  345.60 
1058.03  306.75         1229.40  345.60 
1257.82  667.47         1229.40  345.60 
1062.98  512.68         1229.40  345.60 
1111.94  581.12         1229.40  345.60 
1192.79  517.44         1229.40  345.60 
760.46  372.64         1229.40  345.60 
1018.08  522.84         1229.40  345.60 
1092.88  412.44         1229.40  345.60 
914.87  220.38         1229.40  345.60 
968.96  369.02         1229.40  345.60 
997.98  473.07         1229.40  345.60 
901.77  355.90         1229.40  345.60 
1068.45  488.01         1229.40  345.60 
1130.70  441.99         1229.40  345.60 
988.12  292.90         1229.40  345.60 
1083.19  369.66         1229.40  345.60 
770.31  166.13         1229.40  345.60 
1050.41  389.92         1229.40  345.60 
1113.26  547.20         1229.40  345.60 
1130.21  565.40         1229.40  345.60 
539.61  277.19         1229.40  345.60 
1423.56  354.48         1229.40  345.60 
1279.11  293.20         1229.40  345.60 
1081.85  367.14         1229.40  460.80 
841.34  267.95         1229.40  460.80 
683.95  302.83         1229.40  460.80 
1088.38  377.44         1229.40  460.80 
972.13  337.01         1229.40  460.80 
945.94  363.74         1229.40  460.80 
989.82  381.07         1229.40  460.80 
1172.57  331.07         1229.40  460.80 
1041.23  650.69         1229.40  460.80 
995.71  301.63         1229.40  460.80 
1243.27  704.14         1229.40  460.80 
980.77  644.65         1229.40  460.80 
917.31  484.01         1229.40  460.80 
759.37  389.57         1229.40  460.80 
1029.55  287.83         1229.40  460.80 
993.50  314.64         1229.40  460.80 
1065.37  361.08         1229.40  460.80 
1022.41  532.02         1229.40  460.80 
960.98  298.18         1229.40  460.80 
1102.10  520.58         1229.40  460.80 
977.93  222.61         1229.40  460.80 
861.88  395.96         1229.40  460.80 
1267.98  483.56         1229.40  460.80 
760.61  309.44         1229.40  460.80 
1014.67  592.40         1229.40  460.80 
1009.50  558.13         1229.40  460.80 
851.62  290.80         1229.40  460.80 
947.61  358.95         1229.40  460.80 
1170.53  572.17         1229.40  460.80 
924.67  443.88         1229.40  460.80 
1159.50  361.02         1229.40  460.80 
1260.79  583.40         1229.40  460.80 
1139.88  381.84         1229.40  460.80 
1001.41  428.80         1229.40  460.80 
1064.07  404.54         1229.40  460.80 
942.38  557.38         1229.40  460.80 
1293.62  587.61         1229.40  460.80 
1023.41  676.06         1229.40  460.80 
857.78  462.94         1229.40  460.80 
1010.72  558.01         1229.40  460.80 
791.80  499.52         1229.40  576.00 
906.43  568.81         1229.40  576.00 
996.84  367.18         1229.40  576.00 
1092.74  655.85         1229.40  576.00 
1182.08  786.58         1229.40  576.00 
1002.21  500.21         1229.40  576.00 
901.73  608.88         1229.40  576.00 
1140.75  571.64         1229.40  576.00 
1059.96  674.95         1229.40  576.00 
1270.36  554.05         1229.40  576.00 
1029.52  637.35         1229.40  576.00 
992.17  566.26         1229.40  576.00 
1093.70  724.17         1229.40  576.00 
956.16  504.24         1229.40  576.00 
939.59  616.78         1229.40  576.00 
945.21  490.49         1229.40  576.00 
942.22  702.44         1229.40  576.00 
1115.62  632.26         1229.40  576.00 
1036.81  714.48         1229.40  576.00 
1102.24  691.58         1229.40  576.00 
1116.64  582.25         1229.40  576.00 
784.03  435.20         1229.40  576.00 
904.60  575.32         1229.40  576.00 
1059.21  544.51         1229.40  576.00 
1129.27  674.91         1229.40  576.00 
909.50  579.32         1229.40  576.00 
935.13  709.96         1229.40  576.00 
1037.35  745.95         1229.40  576.00 
1061.89  562.87         1229.40  576.00 
1417.26  638.69         1229.40  576.00 
1049.23  832.01         1229.40  576.00 
1327.08  805.88         1229.40  576.00 
1230.03  736.30         1229.40  576.00 
1060.24  494.68         1229.40  576.00 
654.26  462.10         1229.40  576.00 
1021.73  409.14         1229.40  576.00 
1247.46  737.00         1229.40  576.00 
1439.59  856.16         1229.40  576.00 
1356.68  756.17         1229.40  576.00 
1020.12  692.47         1229.40  576.00 
954.59  628.37         1229.40  691.20 
965.97  650.21         1229.40  691.20 
1336.23  783.13         1229.40  691.20 
732.67  533.38         1229.40  691.20 
1105.55  642.36         1229.40  691.20 
1010.11  600.10         1229.40  691.20 
1140.82  733.31         1229.40  691.20 
1171.09  606.75         1229.40  691.20 
1238.23  568.05         1229.40  691.20 
1285.88  740.63         1229.40  691.20 
1226.72  409.66         1229.40  691.20 
928.83  551.61         1229.40  691.20 
1021.38  628.47         1229.40  691.20 
1139.25  446.50         1229.40  691.20 
1213.15  886.46         1229.40  691.20 
1083.49  663.67         1229.40  691.20 
1147.64  781.69         1229.40  691.20 
1030.33  645.00         1229.40  691.20 
1065.76  557.48         1229.40  691.20 
1009.70  626.29         1229.40  691.20 
1056.88  635.45         1229.40  691.20 
881.69  511.84         1229.40  691.20 
882.86  590.37         1229.40  691.20 
1257.78  443.93         1229.40  691.20 
1169.12  686.48         1229.40  691.20 
1205.07  695.02         1229.40  691.20 
995.59  438.93         1229.40  691.20 
1265.64  891.23         1229.40  691.20 
1245.53  539.40         1229.40  691.20 
1111.73  662.66         1229.40  691.20 
1193.36  664.51         1229.40  691.20 
829.32  848.63         1229.40  691.20 
1072.93  722.52         1229.40  691.20 
921.91  648.41         1229.40  691.20 
1118.23  691.05         1229.40  691.20 
1405.96  915.59         1229.40  691.20 
1054.52  781.81         1229.40  691.20 
1060.28  739.43         1229.40  691.20 
1097.36  694.05         1229.40  691.20 
1292.10  573.99         1229.40  691.20 
951.95  568.48         1243.71  638.78         
